t_model t_dynamics t_filter t_traj t_qp_control t_total
23 14 1 2 87 129
6 4 0 0 14 27
5 1 0 0 8 16
5 1 0 0 6 14
5 1 0 0 7 15
5 1 0 0 7 15
5 1 0 0 6 14
5 1 0 0 6 14
5 1 0 0 7 14
5 1 0 0 6 13
5 1 0 0 6 14
5 1 0 0 6 14
5 1 0 0 6 14
5 1 0 0 6 14
6 1 0 0 7 16
5 1 0 0 6 13
5 1 0 0 7 14
5 1 0 0 6 13
5 1 0 0 6 13
5 1 0 0 6 13
5 1 0 0 6 13
5 1 0 0 8 15
5 1 0 0 6 13
6 2 0 0 11 21
5 2 0 0 9 17
5 1 0 0 7 16
5 1 0 0 8 16
5 1 0 0 6 13
5 1 0 0 6 13
5 1 0 0 6 13
5 1 0 0 6 13
5 1 0 0 6 13
5 1 0 0 6 14
4 1 0 0 6 12
4 1 0 0 5 11
3 1 0 0 4 10
4 1 0 0 5 11
4 1 0 0 5 11
4 1 0 0 4 10
4 1 0 0 6 12
4 1 0 0 5 10
4 1 0 0 5 11
5 2 0 0 8 17
5 2 0 0 8 16
5 1 0 0 8 16
5 1 0 0 8 16
5 1 0 0 6 13
4 1 0 0 5 10
3 0 0 0 4 8
2 0 0 0 2 6
2 0 0 0 3 7
2 0 0 0 3 7
2 0 0 0 2 5
2 0 0 0 2 5
2 0 0 0 2 6
2 0 0 0 3 7
3 0 0 0 3 7
3 0 0 0 3 8
3 0 0 0 4 9
3 0 0 0 4 9
4 1 0 0 4 10
5 1 0 0 5 13
5 1 0 0 6 13
5 1 0 0 6 13
5 1 0 0 6 13
4 1 0 0 5 12
4 1 0 0 5 10
4 1 0 0 5 12
4 1 0 0 5 12
5 1 0 0 6 13
5 1 0 0 6 13
5 1 0 0 6 13
5 1 0 0 6 13
5 1 0 0 6 13
5 1 0 0 6 13
5 1 0 0 6 13
5 1 0 0 6 13
5 1 0 0 6 13
5 1 0 0 6 13
5 1 0 0 6 13
5 1 0 0 6 13
5 1 0 0 6 13
5 1 0 0 6 13
5 1 0 0 6 13
5 1 0 0 6 13
12 1 0 0 6 21
5 1 0 0 6 13
5 1 0 0 6 13
5 1 0 0 6 13
5 1 0 0 6 13
5 1 0 0 6 13
5 1 0 0 6 13
5 1 0 0 6 13
5 1 0 0 6 13
5 1 0 0 6 13
5 1 0 0 6 13
5 1 0 0 6 13
5 1 0 0 6 13
5 1 0 0 6 13
5 1 0 0 6 13
5 1 0 0 6 13
5 1 0 0 6 13
5 1 0 0 6 13
5 1 0 0 6 13
5 1 0 0 6 13
5 1 0 0 6 13
5 1 0 0 6 13
5 1 0 0 6 13
5 1 0 0 6 13
5 1 0 0 6 13
5 1 0 0 6 13
5 1 0 0 6 13
5 1 0 0 6 13
5 1 0 0 6 13
5 1 0 0 6 13
5 1 0 0 6 13
5 1 0 0 6 13
5 1 0 0 6 13
5 1 0 0 6 13
5 1 0 0 6 13
5 1 0 0 6 13
5 1 0 0 6 13
5 1 0 0 6 13
5 1 0 0 6 13
5 1 0 0 6 13
5 1 0 0 6 13
5 1 0 0 6 13
5 1 0 0 6 13
5 1 0 0 6 13
5 1 0 0 6 13
5 1 0 0 6 13
5 1 0 0 6 13
5 1 0 0 6 13
5 1 0 0 7 14
5 1 0 0 8 15
5 1 0 0 6 13
5 1 0 0 6 13
5 1 0 0 6 14
5 1 0 0 6 13
5 1 0 0 6 13
5 1 0 0 6 13
5 1 0 0 6 13
5 1 0 0 6 13
5 1 0 0 6 13
5 1 0 0 6 13
5 1 0 0 6 13
5 1 0 0 6 13
5 1 0 0 6 13
5 1 0 0 6 13
5 1 0 0 6 13
5 1 0 0 6 13
5 1 0 0 6 13
5 1 0 0 6 13
5 1 0 0 6 13
5 1 0 0 6 13
5 1 0 0 6 13
5 1 0 0 6 13
5 1 0 0 6 13
5 1 0 0 6 13
5 1 0 0 6 13
5 1 0 0 6 13
5 1 0 0 6 13
5 1 0 0 6 13
5 1 0 0 6 13
5 1 0 0 6 13
5 1 0 0 6 13
5 1 0 0 6 13
5 1 0 0 6 13
5 1 0 0 6 13
5 1 0 0 6 13
5 1 0 0 6 13
5 1 0 0 6 13
5 1 0 0 6 13
5 1 0 0 6 13
5 1 0 0 6 13
5 1 0 0 6 13
5 1 0 0 6 13
5 1 0 0 6 13
5 1 0 0 6 13
5 1 0 0 6 13
5 1 0 0 6 13
5 1 0 0 6 13
5 1 0 0 6 13
5 1 0 0 6 13
5 1 0 0 6 13
5 1 0 0 6 13
5 1 0 0 6 13
5 1 0 0 6 13
5 1 0 0 6 13
5 1 0 0 6 13
5 1 0 0 6 13
5 1 0 0 6 13
5 1 0 0 6 13
5 1 0 0 6 13
5 1 0 0 6 13
5 1 0 0 6 13
5 1 0 0 6 13
5 1 0 0 6 13
5 1 0 0 6 13
5 1 0 0 12 20
5 1 0 0 6 13
5 1 0 0 6 13
5 1 0 0 6 13
5 1 0 0 6 13
5 1 0 0 6 13
5 1 0 0 6 13
5 1 0 0 6 13
5 1 0 0 6 13
5 1 0 0 6 13
5 1 0 0 6 13
5 1 0 0 6 13
5 1 0 0 6 13
5 1 0 0 5 13
5 1 0 0 6 13
5 1 0 0 6 13
5 1 0 0 6 13
5 1 0 0 6 13
5 1 0 0 6 13
5 1 0 0 6 13
5 1 0 0 6 13
5 1 0 0 6 13
5 1 0 0 6 13
5 1 0 0 6 13
5 1 0 0 6 13
5 1 0 0 6 13
5 1 0 0 6 13
5 1 0 0 6 13
5 1 0 0 6 13
5 1 0 0 5 13
5 1 0 0 6 13
5 1 0 0 6 13
5 1 0 0 5 13
5 1 0 0 6 13
5 8 0 0 6 20
5 1 0 0 6 13
5 1 0 0 6 13
5 1 0 0 5 13
5 1 0 0 6 13
5 1 0 0 6 13
5 1 0 0 6 13
5 1 0 0 6 13
5 1 0 0 6 13
5 1 0 0 6 13
5 1 0 0 6 13
5 1 0 0 6 13
5 1 0 0 6 13
5 1 0 0 6 13
5 1 0 0 6 13
5 1 0 0 6 13
5 1 0 0 6 13
5 1 0 0 6 13
5 1 0 0 6 13
5 1 0 0 6 13
12 1 0 0 6 20
5 1 0 0 6 13
5 1 0 0 6 13
5 1 0 0 6 13
5 1 0 0 6 13
5 1 0 0 6 13
5 1 0 0 6 13
5 1 0 0 6 13
5 1 0 0 6 13
5 1 0 0 6 13
5 1 0 0 6 13
5 1 0 0 6 13
5 1 0 0 6 13
5 1 0 0 6 13
5 1 0 0 6 13
5 1 0 0 6 13
5 1 0 0 6 13
5 1 0 0 6 13
5 1 0 0 6 13
5 1 0 0 6 13
5 1 0 0 6 13
5 1 0 0 6 13
5 1 0 0 6 13
5 1 0 0 6 13
5 1 0 0 6 13
5 1 0 0 6 13
5 1 0 0 6 13
5 1 0 0 6 13
5 1 0 0 6 13
5 1 0 0 6 13
5 1 0 0 6 13
5 1 0 0 6 13
5 1 0 0 6 13
5 1 0 0 6 13
5 1 0 0 6 13
5 1 0 0 6 13
5 1 0 0 6 13
5 1 0 0 6 13
5 1 0 0 6 13
5 1 0 0 6 13
5 1 0 0 6 13
5 1 0 0 6 13
5 1 0 0 6 13
5 1 0 0 6 13
11 1 0 0 6 20
5 1 0 0 6 13
5 1 0 0 5 13
5 1 0 0 6 13
5 1 0 0 6 13
5 1 0 0 6 13
1 0 0 0 1 3
1 0 0 0 1 2
5 1 0 0 6 13
5 1 0 0 6 13
5 1 0 0 6 13
5 1 0 0 6 13
5 1 0 0 6 13
5 1 0 0 6 13
5 1 0 0 6 14
5 1 0 0 6 14
5 1 0 0 6 14
5 1 0 0 6 14
6 2 0 0 13 24
5 2 0 0 10 19
5 1 0 0 9 17
5 1 0 0 6 14
5 1 0 0 6 13
6 2 0 0 12 21
6 2 0 0 10 20
5 2 0 0 8 17
5 1 0 0 7 15
5 1 0 0 7 14
5 1 0 0 7 14
5 1 0 0 6 13
5 1 0 0 6 13
5 1 0 0 6 13
5 1 0 0 6 13
5 1 0 0 6 13
5 1 0 0 6 13
5 1 0 0 6 13
6 2 0 0 11 21
5 2 0 0 9 18
5 1 0 0 6 14
5 1 0 0 6 14
5 1 0 0 6 13
5 1 0 0 6 14
5 1 0 0 6 13
5 1 0 0 6 13
5 1 0 0 6 13
5 1 0 0 6 13
5 1 0 0 6 13
5 1 0 0 6 13
5 1 0 0 6 13
6 2 0 0 11 21
5 2 0 0 9 17
5 1 0 0 6 13
5 1 0 0 6 13
5 1 0 0 6 14
5 1 0 0 6 13
5 1 0 0 6 13
5 1 0 0 6 13
5 1 0 0 6 13
5 1 0 0 6 13
5 1 0 0 6 13
5 1 0 0 6 13
5 1 0 0 6 13
6 2 0 0 11 21
5 2 0 0 9 19
5 1 0 0 6 14
5 1 0 0 5 12
5 1 0 0 5 12
5 1 0 0 6 13
5 1 0 0 6 13
5 1 0 0 6 13
5 1 0 0 6 13
5 1 0 0 6 13
5 1 0 0 6 13
5 1 0 0 6 13
5 1 0 0 6 14
5 1 0 0 7 14
5 1 0 0 6 13
5 1 0 0 6 13
5 1 0 0 6 13
5 1 0 0 6 13
5 1 0 0 6 13
5 1 0 0 6 14
5 1 0 0 6 13
5 1 0 0 6 13
5 1 0 0 6 13
5 1 0 0 6 13
5 1 0 0 6 13
5 1 0 0 6 13
5 1 0 0 6 13
5 1 0 0 6 13
5 1 0 0 6 14
5 1 0 0 6 13
5 1 0 0 6 13
5 1 0 0 6 13
5 1 0 0 6 13
5 1 0 0 6 14
5 1 0 0 6 13
5 1 0 0 6 13
5 1 0 0 6 13
5 1 0 0 6 13
5 1 0 0 6 13
5 1 0 0 6 13
5 1 0 0 6 14
5 1 0 0 7 14
5 1 0 0 7 14
5 1 0 0 6 13
5 1 0 0 6 13
5 1 0 0 6 13
5 1 0 0 6 13
5 1 0 0 6 13
5 1 0 0 6 13
5 1 0 0 8 15
5 1 0 0 6 13
6 2 0 0 11 21
5 1 0 0 7 15
5 1 0 0 6 13
5 1 0 0 6 14
5 1 0 0 6 13
5 1 0 0 6 13
5 1 0 0 6 13
5 1 0 0 6 13
5 1 0 0 6 13
5 1 0 0 6 13
5 1 0 0 6 13
5 1 0 0 6 13
5 1 0 0 6 13
5 1 0 0 6 13
5 1 0 0 6 13
5 1 0 0 6 13
5 1 0 0 6 13
5 1 0 0 6 13
5 1 0 0 6 13
5 1 0 0 6 13
5 1 0 0 6 13
5 1 0 0 6 13
5 1 0 0 6 13
5 1 0 0 5 13
5 1 0 0 6 13
5 1 0 0 6 13
5 1 0 0 6 13
5 1 0 0 6 13
5 1 0 0 6 13
5 1 0 0 6 13
5 1 0 0 6 13
5 1 0 0 6 13
5 1 0 0 6 13
5 1 0 0 6 13
5 1 0 0 6 13
5 1 0 0 6 13
5 1 0 0 6 13
5 1 0 0 6 13
5 1 0 0 6 13
5 1 0 0 6 13
5 1 0 0 6 13
5 1 0 0 6 13
5 1 0 0 6 13
8 3 0 0 17 30
6 2 0 0 8 17
5 1 0 0 6 14
5 1 0 0 6 14
5 1 0 0 6 13
5 1 0 0 6 13
5 1 0 0 6 13
5 1 0 0 6 13
5 1 0 0 5 12
5 1 0 0 7 15
5 1 0 0 6 13
5 1 0 0 6 13
5 1 0 0 6 13
5 1 0 0 6 13
6 2 0 0 13 24
5 2 0 0 10 19
6 2 0 0 11 21
5 1 0 0 7 15
5 1 0 0 6 13
5 1 0 0 6 13
5 1 0 0 6 13
5 1 0 0 6 13
5 1 0 0 6 13
6 1 0 0 7 16
5 1 0 0 6 14
5 1 0 0 6 13
5 1 0 0 6 14
5 1 0 0 6 14
5 1 0 0 6 13
5 1 0 0 6 13
5 1 0 0 6 13
5 1 0 0 6 13
5 1 0 0 6 13
5 1 0 0 6 13
5 1 0 0 6 13
5 1 0 0 7 14
5 1 0 0 6 13
5 1 0 0 6 13
5 1 0 0 6 14
5 1 0 0 6 13
5 1 0 0 6 13
5 1 0 0 6 15
6 2 0 0 12 22
7 2 0 0 14 25
5 1 0 0 8 17
5 1 0 0 7 14
5 1 0 0 6 13
5 1 0 0 6 14
5 1 0 0 6 13
5 1 0 0 6 13
5 1 0 0 6 13
5 1 0 0 6 13
5 1 0 0 6 14
5 1 0 0 6 14
4 1 0 0 5 12
5 1 0 0 6 13
5 1 0 0 6 13
5 1 0 0 6 13
5 1 0 0 6 13
5 1 0 0 6 13
5 1 0 0 6 13
5 1 0 0 6 13
5 1 0 0 6 13
5 1 0 0 6 14
5 1 0 0 6 14
5 1 0 0 6 13
5 1 0 0 6 13
5 1 0 0 6 13
5 1 0 0 6 13
5 1 0 0 6 13
5 1 0 0 6 13
6 2 0 0 12 22
6 2 0 0 11 21
5 1 0 0 8 16
5 1 0 0 6 13
5 1 0 0 6 14
5 1 0 0 6 13
5 1 0 0 6 14
5 1 0 0 6 13
5 1 0 0 6 14
4 1 0 0 6 12
5 1 0 0 6 13
5 1 0 0 6 13
5 1 0 0 6 14
5 1 0 0 6 13
5 1 0 0 6 13
5 1 0 0 6 13
5 1 0 0 6 13
5 1 0 0 6 13
5 1 0 0 6 13
5 1 0 0 6 13
5 1 0 0 6 13
5 1 0 0 5 12
4 1 0 0 5 12
5 1 0 0 6 13
5 1 0 0 6 13
5 1 0 0 6 13
5 1 0 0 6 13
5 1 0 0 6 13
5 1 0 0 6 13
5 1 0 0 6 13
5 1 0 0 6 13
5 1 0 0 6 13
5 1 0 0 6 14
5 1 0 0 6 14
6 2 0 0 12 22
5 1 0 0 6 14
5 1 0 0 6 14
6 2 0 0 12 22
5 2 0 0 9 17
5 1 0 0 7 15
5 1 0 0 6 13
5 1 0 0 6 13
5 1 0 0 6 13
5 1 0 0 6 13
5 1 0 0 6 14
5 1 0 0 6 14
5 1 0 0 6 13
5 1 0 0 6 13
4 1 0 0 5 12
5 1 0 0 6 13
5 1 0 0 6 13
5 1 0 0 6 13
5 1 0 0 6 13
5 1 0 0 6 13
5 1 0 0 6 13
5 1 0 0 6 13
5 1 0 0 6 13
6 2 0 0 13 23
5 2 0 0 7 15
5 1 0 0 6 13
5 1 0 0 6 13
5 1 0 0 6 13
5 1 0 0 6 13
5 1 0 0 6 13
5 1 0 0 6 13
5 1 0 0 6 13
5 1 0 0 6 13
5 1 0 0 6 13
5 1 0 0 6 14
5 1 0 0 6 13
5 1 0 0 6 14
5 1 0 0 6 14
5 1 0 0 6 14
5 1 0 0 6 14
4 1 0 0 6 12
5 1 0 0 6 14
5 1 0 0 6 13
5 1 0 0 6 13
5 1 0 0 6 13
5 1 0 0 6 13
5 1 0 0 6 13
5 1 0 0 6 13
5 1 0 0 6 13
5 1 0 0 6 13
5 1 0 0 6 13
5 1 0 0 6 13
5 1 0 0 7 14
4 1 0 0 5 12
5 1 0 0 6 13
5 1 0 0 6 14
4 1 0 0 6 12
4 1 0 0 4 10
4 0 0 0 4 10
4 1 0 0 5 11
8 3 0 0 17 30
8 3 0 0 19 33
6 2 0 0 13 24
5 1 0 0 7 15
4 1 0 0 4 10
4 1 0 0 5 11
4 0 0 0 5 10
3 1 0 0 4 10
3 0 0 0 3 8
3 0 0 0 3 7
5 1 0 0 6 13
3 0 0 0 3 8
3 0 0 0 3 7
9 3 1 0 21 36
5 2 0 0 12 20
4 1 0 0 7 14
4 1 0 0 6 12
4 1 0 0 6 12
4 1 0 0 5 10
3 1 0 0 4 9
5 2 0 0 7 16
3 1 0 0 4 9
3 0 0 0 3 8
3 0 0 0 3 8
3 1 0 0 4 9
4 1 0 0 9 17
5 1 0 0 8 16
5 1 0 0 7 14
6 1 0 0 7 16
5 1 0 0 7 15
5 1 0 0 6 15
4 1 0 0 5 12
4 1 0 0 4 10
5 1 0 0 6 14
5 1 0 0 6 14
5 1 0 0 6 13
4 1 0 0 4 10
4 1 0 0 4 10
5 2 0 0 11 20
6 3 0 0 14 25
10 5 0 1 25 44
8 5 0 1 24 41
9 6 0 0 25 42
7 3 0 0 17 29
4 1 0 0 7 14
4 1 0 0 5 12
5 1 0 0 7 14
5 1 0 0 6 13
5 1 0 0 6 13
5 1 0 0 6 13
5 1 0 0 6 13
5 1 0 0 6 13
6 2 0 0 12 22
5 2 0 0 9 18
5 1 0 0 8 17
5 1 0 0 7 15
5 1 0 0 6 13
5 1 0 0 6 13
5 1 0 0 6 13
5 1 0 0 6 13
5 1 0 0 6 13
5 1 0 0 6 13
5 1 0 0 6 13
5 1 0 0 6 13
6 2 0 0 11 21
7 3 0 0 15 27
6 3 0 0 15 26
6 2 0 0 12 22
5 1 0 0 7 15
5 1 0 0 6 13
5 1 0 0 7 14
4 1 0 0 5 12
4 1 0 0 5 12
5 1 0 0 6 13
5 1 0 0 6 13
5 1 0 0 6 13
5 1 0 0 6 13
6 2 0 0 13 23
6 2 0 0 10 19
5 2 0 0 8 17
5 1 0 0 7 15
5 1 0 0 6 13
5 1 0 0 6 14
5 1 0 0 6 13
5 1 0 0 6 13
5 1 0 0 6 13
5 1 0 0 6 13
5 1 0 0 6 13
5 1 0 0 6 13
5 1 0 0 6 13
6 2 0 0 12 21
5 2 0 0 8 17
5 1 0 0 6 13
5 1 0 0 6 13
5 1 0 0 6 13
5 1 0 0 6 13
5 1 0 0 6 13
4 1 0 0 6 12
4 1 0 0 6 12
5 1 0 0 6 13
5 1 0 0 6 13
4 1 0 0 4 10
3 1 0 0 4 10
3 0 0 0 4 9
4 1 0 0 9 16
5 1 0 0 7 15
5 1 0 0 6 13
5 1 0 0 6 13
5 1 0 0 6 13
4 1 0 0 6 13
4 1 0 0 4 10
3 0 0 0 4 9
5 1 0 0 6 13
5 1 0 0 6 13
5 1 0 0 6 13
3 0 0 0 3 7
3 1 0 0 6 12
3 1 0 0 6 12
3 1 0 0 5 10
4 1 0 0 6 12
4 1 0 0 5 12
3 0 0 0 4 10
3 1 0 0 8 14
4 2 0 0 9 16
7 3 0 0 15 27
5 2 0 0 8 17
3 1 0 0 5 10
3 0 0 0 3 7
3 0 0 0 3 8
3 1 0 0 4 10
5 1 0 0 9 17
5 1 0 0 9 17
5 1 0 0 8 15
4 1 0 0 7 14
4 1 0 0 5 11
3 0 0 0 5 10
3 0 0 0 4 9
4 1 0 0 7 15
3 1 0 0 6 11
2 0 0 0 3 7
2 0 0 0 3 7
5 1 0 0 6 14
6 2 0 0 11 21
8 5 0 1 22 38
3 1 0 0 6 12
3 1 0 0 4 9
3 0 0 0 3 7
2 0 0 0 3 6
2 0 0 0 2 6
2 0 0 0 2 5
5 1 0 0 6 13
1 0 0 0 2 5
2 0 0 0 2 5
2 0 0 0 2 6
3 3 0 0 7 15
12 9 1 1 26 52
4 1 0 0 6 13
4 1 0 0 6 12
4 1 0 0 5 11
4 1 0 0 5 12
4 1 0 0 5 11
4 1 0 0 5 11
4 1 0 0 5 11
4 1 0 0 6 12
5 1 0 0 7 15
3 1 0 0 5 10
3 0 0 0 3 7
4 2 0 0 12 19
4 3 0 0 11 20
5 2 0 0 7 15
4 1 0 0 5 11
4 1 0 0 6 12
3 1 0 0 4 9
3 1 0 0 4 9
3 0 0 0 4 9
5 1 0 0 7 14
5 1 0 0 6 14
3 0 0 0 3 7
2 0 0 0 3 6
3 0 0 0 3 7
3 0 0 0 4 8
19 6 1 1 29 59
9 8 1 1 24 45
9 6 0 1 21 39
5 3 0 0 13 23
6 4 0 0 17 30
9 4 0 0 21 37
3 1 0 0 6 12
5 2 0 0 13 22
9 4 0 0 17 32
9 3 0 0 16 30
4 1 0 0 6 12
3 0 0 0 4 9
3 1 0 0 4 9
7 3 0 0 13 25
4 1 0 0 6 12
4 1 0 0 5 11
4 1 0 0 5 11
4 0 0 0 5 10
3 1 0 0 4 8
4 1 0 0 4 10
5 1 0 0 6 15
5 1 0 0 7 15
3 1 0 0 4 9
3 0 0 0 3 7
3 0 0 0 3 8
3 1 0 0 4 9
4 1 0 0 5 11
9 3 0 0 14 29
5 1 0 0 8 16
5 1 0 0 6 14
4 1 0 0 5 11
3 1 0 0 4 9
3 1 0 0 4 10
4 1 0 0 4 10
4 1 0 0 5 12
4 1 0 0 5 12
5 1 0 0 6 13
5 1 0 0 13 20
5 1 0 0 7 14
12 1 0 0 6 21
9 4 0 0 17 33
5 1 0 0 7 15
6 1 0 0 7 15
5 1 0 0 6 14
5 1 0 0 6 14
5 1 0 0 6 14
5 1 0 0 6 13
5 1 0 0 6 13
5 1 0 0 6 13
5 1 0 0 6 13
5 1 0 0 6 13
5 1 0 0 7 15
5 1 0 0 6 14
10 4 0 1 18 35
5 1 0 0 7 15
5 1 0 0 6 14
5 1 0 0 6 14
5 1 0 0 5 13
5 1 0 0 6 13
5 1 0 0 6 13
5 1 0 0 6 13
5 1 0 0 6 13
5 1 0 0 6 13
5 1 0 0 7 15
5 4 0 0 6 16
5 1 0 0 9 17
5 1 0 0 9 17
5 1 0 0 6 14
5 1 0 0 6 13
5 1 0 0 6 13
5 1 0 0 6 13
5 1 0 0 6 13
5 1 0 0 6 13
5 1 0 0 6 13
5 1 0 0 6 13
5 1 0 0 6 13
5 1 0 0 7 14
6 2 0 0 8 17
6 2 0 0 8 17
6 1 0 0 8 17
5 1 0 0 7 15
5 1 0 0 6 13
5 1 0 0 6 13
5 1 0 0 6 14
5 1 0 0 6 14
5 1 0 0 6 13
5 1 0 0 6 13
5 1 0 0 6 13
5 1 0 0 6 13
5 1 0 0 7 15
7 2 0 0 10 21
5 2 0 0 9 17
5 1 0 0 6 14
5 1 0 0 6 14
5 1 0 0 6 14
5 1 0 0 6 13
5 1 0 0 6 13
5 1 0 0 6 13
5 1 0 0 6 13
5 1 0 0 6 13
5 1 0 0 6 13
5 1 0 0 6 13
5 1 0 0 7 14
9 3 0 1 16 32
5 2 0 0 8 16
5 1 0 0 7 14
5 1 0 0 6 13
5 1 0 0 6 13
5 1 0 0 6 13
6 1 0 0 8 17
5 1 0 0 7 15
5 1 0 0 6 13
5 1 0 0 6 13
5 1 0 0 6 13
5 1 0 0 6 13
6 1 0 0 8 17
8 3 0 0 15 29
6 1 0 0 8 16
5 1 0 0 7 14
5 1 0 0 6 14
5 1 0 0 7 14
5 1 0 0 6 14
5 1 0 0 6 13
5 1 0 0 6 13
5 1 0 0 6 13
5 1 0 0 6 13
5 1 0 0 6 13
5 1 0 0 6 13
5 1 0 0 7 15
9 3 0 0 18 33
5 1 0 0 7 14
5 1 0 0 6 14
5 1 0 0 6 13
6 1 0 0 7 16
5 1 0 0 6 13
5 1 0 0 6 13
5 1 0 0 6 13
5 1 0 0 6 13
5 1 0 0 6 13
5 1 0 0 6 13
5 1 0 0 6 13
5 1 0 0 6 13
5 1 0 0 7 14
9 4 0 0 16 31
5 1 0 0 8 16
5 1 0 0 5 13
5 1 0 0 6 13
5 1 0 0 6 13
5 1 0 0 6 13
5 1 0 0 6 13
5 1 0 0 6 13
5 1 0 0 6 13
5 1 0 0 6 13
5 1 0 0 6 13
5 1 0 0 7 15
6 1 0 0 7 15
7 3 0 0 13 25
5 1 0 0 7 15
5 1 0 0 6 14
5 1 0 0 6 13
5 1 0 0 6 13
7 2 0 0 8 19
5 1 0 0 6 13
5 1 0 0 6 13
5 1 0 0 6 14
5 1 0 0 6 13
5 1 0 0 6 13
5 1 0 0 7 15
6 2 0 0 8 17
7 3 0 0 15 27
5 1 0 0 7 15
5 1 0 0 7 14
5 1 0 0 6 13
5 1 0 0 6 13
5 1 0 0 6 13
5 1 0 0 6 13
5 1 0 0 6 13
5 1 0 0 6 13
5 1 0 0 6 13
5 1 0 0 6 13
5 1 0 0 7 15
6 2 0 0 9 19
5 2 0 0 8 17
5 1 0 0 6 14
5 1 0 0 6 14
5 1 0 0 6 13
5 1 0 0 6 14
5 1 0 0 6 13
5 1 0 0 6 13
5 1 0 0 6 13
5 1 0 0 6 13
5 1 0 0 6 13
5 1 0 0 6 13
6 1 0 0 7 15
7 2 0 0 12 23
5 1 0 0 7 16
5 1 0 0 6 14
5 1 0 0 6 13
5 1 0 0 6 13
6 1 0 0 7 16
5 1 0 0 6 14
5 1 0 0 6 13
5 1 0 0 6 13
5 1 0 0 6 13
5 1 0 0 6 13
5 1 0 0 6 13
5 1 0 0 7 14
8 3 0 0 17 31
5 1 0 0 7 14
5 1 0 0 6 13
5 1 0 0 6 13
5 1 0 0 6 13
5 1 0 0 6 13
5 1 0 0 6 13
5 1 0 0 6 13
5 1 0 0 6 13
5 1 0 0 6 13
5 1 0 0 6 13
5 1 0 0 6 13
5 1 0 0 7 15
5 1 0 0 6 13
5 1 0 0 6 13
5 1 0 0 6 13
5 1 0 0 6 13
5 1 0 0 6 13
5 1 0 0 6 13
5 1 0 0 6 13
5 1 0 0 6 13
5 1 0 0 6 13
5 1 0 0 6 14
5 1 0 0 6 13
5 1 0 0 6 13
5 1 0 0 6 13
5 1 0 0 6 13
5 1 0 0 6 14
5 1 0 0 6 13
5 1 0 0 6 13
5 1 0 0 6 13
5 1 0 0 6 13
5 1 0 0 6 14
5 1 0 0 6 13
5 1 0 0 6 13
5 1 0 0 6 13
5 1 0 0 6 13
5 1 0 0 6 13
5 1 0 0 6 13
5 1 0 0 6 13
5 1 0 0 6 13
5 1 0 0 6 13
5 1 0 0 6 13
5 1 0 0 6 13
5 1 0 0 6 14
5 1 0 0 6 13
5 1 0 0 6 13
5 1 0 0 6 13
5 1 0 0 6 13
5 1 0 0 6 13
5 1 0 0 6 13
5 1 0 0 6 13
5 1 0 0 6 13
5 1 0 0 6 13
5 1 0 0 6 13
5 1 0 0 6 13
5 1 0 0 6 13
5 1 0 0 6 13
5 1 0 0 6 13
5 1 0 0 6 13
5 1 0 0 6 13
5 1 0 0 6 13
5 1 0 0 6 13
5 1 0 0 6 13
5 1 0 0 6 14
5 1 0 0 6 13
5 1 0 0 6 13
5 1 0 0 6 13
5 1 0 0 6 14
5 1 0 0 6 13
5 1 0 0 6 13
5 1 0 0 6 13
5 1 0 0 6 13
5 1 0 0 6 13
5 1 0 0 6 13
5 1 0 0 6 13
5 4 0 0 6 16
5 1 0 0 6 13
5 1 0 0 6 13
5 1 0 0 6 13
5 1 0 0 7 14
5 1 0 0 6 13
5 1 0 0 6 13
5 1 0 0 6 13
5 1 0 0 6 13
5 1 0 0 6 13
5 1 0 0 6 13
5 1 0 0 6 13
5 1 0 0 6 13
5 1 0 0 6 13
5 1 0 0 6 13
5 1 0 0 6 13
5 1 0 0 6 13
5 1 0 0 6 13
5 1 0 0 6 13
5 1 0 0 6 13
5 1 0 0 6 14
1 0 0 0 1 3
1 0 0 0 1 2
1 0 0 0 1 2
5 1 0 0 6 13
5 1 0 0 6 13
5 1 0 0 6 13
5 1 0 0 6 13
5 1 0 0 6 13
5 1 0 0 6 14
5 1 0 0 6 13
5 1 0 0 6 14
5 1 0 0 6 13
5 1 0 0 6 14
5 1 0 0 6 13
5 1 0 0 6 13
5 1 0 0 6 14
5 1 0 0 6 13
5 1 0 0 6 13
5 1 0 0 6 13
5 1 0 0 6 13
5 1 0 0 6 13
5 1 0 0 6 13
5 1 0 0 6 13
5 1 0 0 6 13
5 1 0 0 6 13
5 1 0 0 6 13
5 1 0 0 6 13
5 1 0 0 6 13
5 1 0 0 6 13
5 1 0 0 6 13
5 1 0 0 6 13
5 1 0 0 6 13
5 1 0 0 6 13
5 1 0 0 6 13
5 1 0 0 6 13
5 1 0 0 6 13
5 1 0 0 6 13
5 1 0 0 6 13
5 1 0 0 13 20
5 1 0 0 6 13
5 1 0 0 6 13
5 1 0 0 6 13
5 1 0 0 6 13
5 1 0 0 6 13
5 1 0 0 6 13
5 1 0 0 6 13
5 1 0 0 6 13
5 1 0 0 6 13
5 1 0 0 6 13
5 1 0 0 6 13
5 1 0 0 6 13
5 1 0 0 6 13
5 1 0 0 6 13
5 1 0 0 5 12
5 1 0 0 6 13
5 1 0 0 6 13
5 1 0 0 6 13
5 1 0 0 6 13
5 1 0 0 6 13
5 1 0 0 6 13
5 1 0 0 6 14
5 1 0 0 6 13
5 1 0 0 6 13
5 1 0 0 6 13
5 1 0 0 6 13
5 1 0 0 6 13
5 1 0 0 6 13
5 1 0 0 6 13
5 1 0 0 6 13
5 1 0 0 6 13
5 1 0 0 6 13
5 1 0 0 6 13
5 1 0 0 6 13
5 1 0 0 6 13
5 1 0 0 6 13
5 1 0 0 6 13
5 1 0 0 6 13
5 1 0 0 6 13
5 1 0 0 6 13
5 1 0 0 6 13
5 1 0 0 6 13
5 1 0 0 6 13
5 1 0 0 6 13
5 1 0 0 6 13
5 1 0 0 6 13
5 1 0 0 6 13
5 1 0 0 6 13
5 1 0 0 6 13
5 1 0 0 6 13
5 1 0 0 6 13
5 1 0 0 6 14
5 1 0 0 6 14
5 1 0 0 6 13
5 1 0 0 6 13
5 1 0 0 6 13
5 1 0 0 6 13
5 1 0 0 6 13
5 1 0 0 6 13
5 1 0 0 6 13
5 1 0 0 6 14
5 1 0 0 6 13
5 1 0 0 6 13
5 1 0 0 6 13
5 1 0 0 6 13
5 1 0 0 6 13
5 1 0 0 6 13
5 1 0 0 6 13
5 1 0 0 6 13
5 1 0 0 6 13
5 1 0 0 6 13
5 1 0 0 6 13
5 1 0 0 6 13
5 1 0 0 6 13
5 1 0 0 6 13
5 1 0 0 6 13
5 1 0 0 6 13
5 1 0 0 6 13
5 1 0 0 6 13
5 1 0 0 6 13
5 1 0 0 6 13
5 1 0 0 6 13
5 1 0 0 6 13
5 1 0 0 6 13
5 1 0 0 6 13
5 1 0 0 6 13
5 1 0 0 6 13
5 1 0 0 6 13
5 1 0 0 6 13
5 1 0 0 6 13
5 1 0 0 6 13
5 1 0 0 6 13
5 1 0 0 6 13
5 1 0 0 6 13
6 2 0 0 12 22
5 2 0 0 9 18
5 1 0 0 7 15
5 1 0 0 6 13
5 1 0 0 6 13
5 1 0 0 6 13
5 1 0 0 6 13
5 1 0 0 6 13
5 1 0 0 6 13
5 1 0 0 13 20
5 1 0 0 6 13
5 1 0 0 6 13
5 1 0 0 6 13
5 1 0 0 6 13
5 1 0 0 6 13
5 1 0 0 6 13
5 1 0 0 6 13
5 1 0 0 6 13
5 1 0 0 6 13
5 1 0 0 6 13
5 1 0 0 6 13
5 1 0 0 6 13
5 1 0 7 6 20
5 1 0 0 6 13
5 1 0 0 6 13
5 1 0 0 6 13
5 1 0 0 6 13
5 1 0 0 6 13
5 1 0 0 6 13
5 1 0 0 6 13
5 1 0 0 6 13
5 1 0 0 6 13
5 1 0 0 6 13
5 1 0 0 6 13
5 1 0 0 6 13
5 1 0 0 13 20
5 1 0 0 6 13
5 1 0 0 6 13
12 1 0 0 6 20
5 1 0 0 6 13
5 1 0 0 6 13
5 1 0 0 6 13
5 1 0 0 6 13
5 1 0 0 6 13
5 1 0 0 6 13
5 1 0 0 6 13
5 1 0 0 6 13
5 1 0 0 6 13
5 1 0 0 6 13
5 1 0 0 6 13
5 1 0 0 6 13
5 1 0 0 6 13
5 1 0 0 6 13
5 1 0 0 6 13
5 1 0 0 6 13
5 1 0 0 6 13
5 1 0 0 6 13
5 1 0 0 6 13
5 1 0 0 6 13
5 1 0 0 6 13
5 1 0 0 6 13
5 1 0 0 6 13
5 1 0 0 8 16
5 1 0 0 6 13
5 1 0 0 6 13
5 1 0 0 6 13
5 1 0 0 6 13
5 1 0 0 6 13
5 1 0 0 6 13
5 1 0 0 6 13
5 1 0 0 6 13
5 1 0 0 6 13
5 1 0 0 6 13
5 1 0 0 6 13
5 1 0 0 6 13
5 1 0 0 6 13
5 1 0 0 6 13
5 1 0 0 6 13
5 1 0 0 6 13
5 1 0 0 6 13
5 1 0 0 6 13
5 1 0 0 6 13
5 1 0 0 6 13
5 1 0 0 6 13
5 1 0 0 6 13
5 1 0 0 6 13
5 1 0 0 6 13
5 1 0 0 6 13
5 1 0 0 6 13
5 1 0 0 6 13
5 1 0 0 6 13
5 1 0 0 6 13
5 1 0 0 6 13
5 1 0 0 13 20
5 1 0 0 6 13
5 1 0 0 6 13
5 1 0 0 6 13
5 1 0 0 6 13
5 1 0 0 6 13
5 1 0 0 6 13
5 1 0 0 6 13
5 1 0 0 6 13
5 1 0 0 6 13
5 1 0 0 6 14
5 1 0 0 6 13
5 1 0 0 6 13
5 1 0 0 6 14
5 1 0 0 6 13
5 1 0 0 6 14
5 1 0 0 6 13
5 1 0 0 6 13
5 1 0 0 6 15
6 1 0 0 6 15
6 1 0 0 13 22
5 1 0 0 7 15
5 1 0 0 6 13
5 1 0 0 6 13
5 1 0 0 6 13
5 1 0 0 6 13
5 1 0 0 6 13
5 1 0 0 6 13
5 1 0 0 6 14
5 1 0 0 6 13
5 1 0 0 6 14
5 1 0 0 6 13
5 1 0 0 6 13
5 1 0 0 6 13
5 1 0 0 6 13
5 1 0 0 6 13
5 1 0 0 6 13
5 1 0 0 6 13
5 1 0 0 6 13
5 1 0 0 6 13
5 1 0 0 6 13
5 1 0 0 6 13
5 1 0 0 6 13
5 1 0 0 6 13
5 1 0 0 6 13
5 1 0 0 6 13
5 1 0 0 6 13
5 1 0 0 6 13
5 1 0 0 6 13
5 1 0 0 6 13
5 1 0 0 6 13
5 1 0 0 6 13
5 1 0 0 6 13
5 1 0 0 6 13
5 1 0 0 6 13
5 1 0 0 6 13
5 1 0 0 6 13
5 1 0 0 6 13
5 1 0 0 6 13
5 1 0 0 6 13
5 1 0 0 6 13
5 1 0 0 6 13
5 1 0 0 6 13
5 1 0 0 6 13
5 1 0 0 13 20
5 1 0 0 6 13
5 1 0 0 6 14
5 1 0 0 6 13
5 1 0 0 6 13
5 1 0 0 6 13
5 1 0 0 6 13
5 1 0 0 6 13
5 1 0 0 6 13
5 1 0 0 6 13
5 1 0 0 6 13
5 1 0 0 6 13
5 1 0 0 6 13
5 1 0 0 6 13
5 1 0 0 6 13
5 1 0 0 6 13
5 1 0 0 6 13
5 1 0 0 6 13
5 1 0 0 6 13
5 1 0 0 6 13
5 1 0 0 6 13
5 1 0 0 6 13
5 1 0 0 6 13
5 1 0 0 6 13
5 1 0 0 6 13
5 1 0 0 6 13
5 1 0 0 6 13
5 1 0 0 6 13
5 1 0 0 6 13
5 1 0 0 6 13
5 1 0 0 6 13
5 1 0 0 6 13
5 1 0 0 6 13
5 1 0 0 6 13
5 1 0 0 6 13
5 1 0 0 6 13
5 1 0 0 6 13
5 1 0 0 6 13
5 1 0 0 6 13
5 1 0 0 6 13
5 1 0 0 6 13
5 1 0 0 6 13
5 1 0 0 6 13
5 1 0 0 6 13
5 1 0 0 6 13
5 1 0 0 6 13
5 1 0 0 6 13
5 1 0 0 6 13
5 1 0 0 6 13
5 1 0 0 6 13
5 1 0 0 6 13
5 1 0 0 6 13
5 1 0 0 6 13
5 1 0 0 6 13
5 1 0 0 6 14
5 1 0 0 6 13
5 1 0 0 6 13
5 1 0 0 6 13
5 1 0 0 6 13
5 1 0 0 6 13
5 1 0 0 6 13
5 1 0 0 6 13
5 1 0 0 6 13
5 1 0 0 6 13
5 1 0 0 6 13
5 1 0 0 6 13
5 1 0 0 6 13
5 1 0 0 6 13
5 1 0 0 6 13
5 1 0 0 6 13
5 1 0 0 6 13
5 1 0 0 6 13
5 1 0 0 6 13
5 1 0 0 6 13
5 1 0 0 5 12
5 1 0 0 6 13
5 1 0 0 6 13
5 1 0 0 6 13
5 1 0 0 6 13
5 1 0 0 6 13
5 1 0 0 6 13
5 1 0 0 6 13
5 1 0 0 6 13
5 1 0 0 6 13
5 1 0 0 6 14
5 1 0 0 6 13
5 1 0 0 6 13
5 1 0 0 6 13
5 1 0 0 6 13
5 1 0 0 6 13
5 1 0 0 6 13
5 1 0 0 6 13
5 1 0 0 6 13
5 1 0 0 6 13
5 1 0 0 6 13
5 1 0 0 6 13
5 1 0 0 6 13
5 1 0 0 6 13
5 1 0 0 6 15
5 1 0 0 6 14
5 1 0 0 6 13
5 1 0 0 6 14
5 1 0 0 6 13
5 1 0 0 6 13
5 1 0 0 6 13
5 1 0 0 6 13
5 1 0 0 6 13
5 1 0 0 6 13
5 1 0 0 6 14
5 1 0 0 6 13
5 1 0 0 13 21
5 1 0 0 6 14
5 1 0 0 7 14
5 1 0 0 7 15
5 1 0 0 7 15
5 2 0 0 7 16
5 1 0 0 7 15
5 1 0 0 7 15
1 0 0 0 2 5
1 0 0 0 1 4
5 1 0 0 6 14
5 1 0 0 6 13
5 1 0 0 6 13
5 1 0 0 6 13
5 1 0 0 6 13
5 1 0 0 6 13
5 1 0 0 6 13
5 1 0 0 6 13
5 1 0 0 6 13
5 1 0 0 6 13
5 1 0 0 6 13
5 1 0 0 6 13
5 1 0 0 6 13
5 1 0 0 6 13
5 1 0 0 6 13
5 1 0 0 6 13
5 1 0 0 6 13
5 1 0 0 6 13
5 1 0 0 6 13
5 1 0 0 6 13
5 1 0 0 6 13
5 1 0 0 6 13
5 1 0 0 6 13
5 1 0 0 13 20
5 1 0 0 6 14
5 1 0 0 6 13
5 1 0 0 6 13
5 1 0 0 6 13
5 1 0 0 6 13
5 1 0 0 6 13
5 1 0 0 6 13
5 1 0 0 6 13
5 1 0 0 6 13
5 1 0 0 6 13
5 1 0 0 6 13
5 1 0 0 13 20
5 1 0 0 6 13
5 1 0 0 6 13
5 1 0 0 6 13
5 1 0 0 13 20
5 1 0 0 6 13
5 1 0 0 6 13
5 1 0 0 6 13
5 1 0 0 6 13
5 1 0 0 6 13
5 1 0 0 6 13
5 1 0 0 6 13
5 1 0 0 6 13
5 1 0 0 6 13
5 1 0 0 6 13
5 1 0 0 6 13
5 1 0 0 6 13
5 1 0 0 6 13
5 1 0 0 6 13
5 1 0 0 6 13
5 1 0 0 6 13
5 1 0 0 6 13
5 1 0 0 5 12
5 1 0 0 5 12
5 1 0 0 6 13
5 1 0 0 6 14
5 1 0 0 6 13
5 1 0 0 6 13
5 1 0 0 6 13
7 2 0 0 12 23
5 1 0 0 7 15
5 1 0 0 6 13
5 1 0 0 6 13
5 1 0 0 6 13
5 1 0 0 6 13
5 1 0 0 6 13
5 1 0 0 6 14
5 1 0 0 6 13
5 1 0 0 6 13
5 1 0 0 6 13
5 1 0 0 6 13
5 1 0 0 6 13
5 1 0 0 6 13
5 1 0 0 6 13
11 1 0 0 6 21
5 1 0 0 6 13
5 1 0 0 6 13
5 1 0 0 6 13
5 1 0 0 6 14
5 1 0 0 6 13
5 1 0 0 6 13
5 1 0 0 6 13
5 1 0 0 6 13
5 1 0 0 6 13
5 1 0 0 6 13
5 1 0 0 6 13
5 1 0 0 6 13
5 1 0 0 6 13
5 1 0 0 6 13
5 1 0 0 6 13
5 1 0 0 6 13
5 1 0 0 6 13
5 1 0 0 6 13
5 1 0 0 6 13
5 1 0 0 6 13
5 1 0 0 6 13
5 1 0 0 6 13
5 1 0 0 6 13
5 1 0 0 6 13
5 1 0 0 6 13
5 1 0 0 6 13
5 1 0 0 6 13
5 1 0 0 6 13
5 1 0 0 6 13
5 1 0 0 6 13
5 1 0 0 6 13
5 1 0 0 6 13
5 1 0 0 6 13
5 1 0 0 6 13
5 1 0 0 6 13
5 1 0 0 6 13
5 1 0 0 6 13
1 0 0 0 1 2
1 0 0 0 1 2
1 0 0 0 1 2
4 1 0 0 5 12
5 1 0 0 6 13
5 1 0 0 6 13
5 1 0 0 6 13
5 1 0 0 6 13
5 1 0 0 6 13
5 1 0 0 6 13
5 1 0 0 6 13
5 1 0 0 6 13
5 1 0 0 6 13
5 1 0 0 6 13
5 1 0 0 6 14
5 1 0 0 6 13
5 1 0 0 6 13
5 1 0 0 6 13
5 1 0 0 6 13
5 1 0 0 6 13
5 1 0 0 6 13
5 1 0 0 6 13
5 1 0 0 6 13
5 1 0 0 6 13
5 1 0 0 6 13
5 1 0 0 6 13
5 1 0 0 13 20
5 1 0 0 6 13
5 1 0 0 6 13
5 1 0 0 6 13
5 1 0 0 6 13
5 1 0 0 6 13
5 1 0 0 6 13
5 1 0 0 6 13
5 1 0 0 6 13
5 1 0 0 6 13
5 1 0 0 6 13
5 1 0 0 6 13
5 1 0 0 6 13
5 1 0 0 6 13
5 1 0 0 6 13
5 1 0 0 6 13
5 1 0 0 13 20
5 1 0 0 6 13
5 1 0 0 6 13
5 1 0 0 6 13
5 1 0 0 6 13
5 1 0 0 6 13
5 1 0 0 6 13
5 1 0 0 6 13
5 1 0 0 6 13
5 1 0 0 6 13
5 1 0 0 6 13
5 1 0 0 6 13
5 1 0 0 6 13
5 1 0 0 6 13
5 1 0 0 6 13
5 1 0 0 6 13
5 1 0 0 6 13
5 1 0 0 6 13
5 1 0 0 6 13
5 1 0 0 6 13
5 1 0 0 6 13
5 1 0 0 6 13
5 1 0 0 6 13
5 1 0 0 6 13
5 1 0 0 6 13
5 1 0 0 6 13
5 1 0 0 6 13
5 1 0 0 6 13
5 1 0 0 6 13
5 1 0 0 6 13
5 1 0 0 6 13
5 1 0 0 6 13
5 1 0 0 6 13
5 1 0 0 6 13
5 1 0 0 6 13
5 1 0 0 6 13
5 1 0 0 6 13
5 1 0 0 6 13
5 1 0 0 6 13
5 1 7 0 6 20
5 1 0 0 6 13
5 1 0 0 6 13
5 1 0 0 6 13
5 1 0 0 6 13
5 1 0 0 6 13
5 1 0 0 6 13
5 1 0 0 6 13
5 1 0 0 6 13
5 1 0 0 6 13
5 1 0 0 6 13
5 1 0 0 6 13
5 1 0 0 6 13
5 1 0 0 6 13
5 1 0 0 6 13
5 1 0 0 6 13
5 1 0 0 6 13
5 1 0 0 6 13
5 1 0 0 6 13
5 1 0 0 6 13
5 1 0 0 6 13
5 1 0 0 6 13
5 1 0 0 6 13
5 1 0 0 6 14
5 1 0 0 6 13
5 1 0 0 6 13
5 1 0 0 6 13
5 1 0 0 6 13
5 1 0 0 6 13
5 1 0 0 6 13
5 1 0 0 6 13
5 1 0 0 6 13
5 1 0 0 6 13
5 1 0 0 6 13
5 1 0 0 6 13
5 1 0 0 6 13
5 1 0 0 6 13
5 1 0 0 6 13
5 1 0 0 6 13
5 1 0 0 6 13
5 1 0 0 6 13
5 1 0 0 6 13
5 1 0 0 6 13
5 1 0 0 6 13
5 1 0 0 13 20
5 1 0 0 6 13
5 1 0 0 6 13
5 1 0 0 6 13
5 1 0 0 6 13
5 1 0 0 6 13
5 1 0 0 6 13
5 1 0 0 6 13
5 1 0 0 6 13
5 1 0 0 6 13
5 1 0 0 6 13
5 1 0 0 5 12
5 1 0 0 6 13
5 1 0 0 6 13
5 1 0 0 6 13
5 1 0 0 6 13
5 1 0 0 6 13
5 1 0 0 6 13
5 1 0 0 6 13
5 1 0 0 6 13
5 1 0 0 6 13
5 1 0 0 6 13
5 1 0 0 6 13
5 1 0 0 6 13
5 1 0 0 6 13
5 1 0 0 6 13
5 1 0 0 6 13
5 1 0 0 6 13
5 1 0 0 6 13
5 1 0 0 6 13
5 1 0 0 6 13
5 1 0 0 6 13
5 1 0 0 6 13
5 1 0 0 6 13
5 1 0 0 6 13
5 1 0 0 6 13
5 1 0 0 6 13
5 1 0 0 6 13
5 1 0 0 6 13
5 1 0 0 6 13
5 1 0 0 6 13
5 1 0 0 6 13
5 1 0 0 6 13
5 1 0 0 6 13
5 1 0 0 6 13
5 1 0 0 6 13
5 1 0 0 6 13
5 1 0 0 6 13
5 1 0 0 6 13
5 1 0 0 6 13
5 1 0 0 6 13
5 1 0 0 6 13
5 1 0 0 6 13
5 1 0 0 6 13
5 1 0 0 6 14
5 1 0 0 6 13
5 1 0 0 6 13
5 1 0 0 6 13
5 1 0 0 6 13
5 1 0 0 6 13
5 1 0 0 6 13
5 1 0 0 6 13
5 1 0 0 6 13
5 1 0 0 6 13
5 1 0 0 6 13
5 1 0 0 6 13
5 1 0 0 6 13
5 1 0 0 6 13
5 1 0 0 6 13
11 1 0 0 6 20
5 1 0 0 6 13
5 1 0 0 6 13
5 1 0 0 6 13
5 1 0 0 6 13
5 1 0 0 6 13
5 1 0 0 6 13
5 1 0 0 6 13
5 1 0 0 6 13
5 1 0 0 6 13
5 1 0 0 6 13
5 1 0 0 6 13
5 1 0 0 6 13
5 1 0 0 6 13
5 1 0 0 6 13
5 1 0 0 6 13
5 1 0 0 6 13
5 1 0 0 6 13
5 1 0 0 6 13
5 1 0 0 6 13
5 1 0 0 6 13
5 1 0 0 6 13
5 1 0 0 6 13
5 1 0 0 6 13
5 1 0 0 6 14
5 1 0 0 6 13
5 1 0 0 6 13
5 1 0 0 6 13
11 1 0 0 6 20
5 1 0 0 6 13
5 1 0 0 6 13
5 1 0 0 6 13
5 1 0 0 6 13
5 1 0 0 6 13
5 1 0 0 6 13
5 1 0 0 6 13
5 1 0 0 6 13
5 1 0 0 6 13
5 1 0 0 6 13
5 1 0 0 6 13
5 1 0 0 6 13
5 1 0 0 6 13
5 1 0 0 6 13
5 1 0 0 6 13
5 1 0 0 6 13
5 1 0 0 6 13
5 1 0 0 6 13
5 1 0 0 6 13
5 1 0 0 6 13
5 1 0 0 6 13
5 1 0 0 6 13
5 1 0 0 6 13
5 1 0 0 6 13
5 1 0 0 6 13
5 1 0 0 6 13
5 1 0 0 6 13
5 1 0 0 6 13
5 1 0 0 6 13
5 1 0 0 6 13
5 1 0 0 6 13
5 1 0 0 6 13
5 1 0 0 6 13
5 1 0 0 6 13
5 1 0 0 6 13
5 1 0 0 6 13
5 1 0 0 6 13
5 1 0 0 6 13
5 1 0 0 6 13
5 1 0 0 6 13
5 1 0 0 6 13
5 1 0 0 6 13
5 1 0 0 6 13
5 1 0 0 6 13
5 1 0 0 6 13
5 1 0 0 6 13
5 1 0 0 6 13
5 1 0 0 6 13
5 1 0 0 6 13
5 1 0 0 6 13
5 1 0 0 6 13
5 1 0 0 6 13
5 1 0 0 6 13
5 1 0 0 6 13
5 1 0 0 6 13
5 1 0 0 6 13
5 1 0 0 6 13
5 1 0 0 6 13
5 1 0 0 6 13
5 1 0 0 6 13
5 1 0 0 6 13
5 1 0 0 6 13
5 1 0 0 13 20
5 1 0 0 6 13
5 1 0 0 6 13
5 1 0 0 6 13
5 1 0 0 6 13
5 1 0 0 6 13
5 1 0 0 6 13
5 1 0 0 6 13
5 1 0 0 6 13
5 1 0 0 6 13
5 1 0 0 6 13
5 1 0 0 6 13
5 1 0 0 6 13
5 1 0 0 6 13
5 1 0 0 6 13
5 1 0 0 6 13
5 1 0 0 6 13
5 1 0 0 6 13
5 1 0 0 6 13
5 1 0 0 6 13
5 1 0 0 6 13
5 1 0 0 6 13
5 1 0 0 6 13
5 1 0 0 6 13
5 1 0 0 13 20
5 1 0 0 6 13
5 1 0 0 6 13
5 1 0 0 13 20
5 1 0 0 6 13
5 1 0 0 6 13
5 1 0 0 6 13
5 1 0 0 6 13
5 1 0 0 6 13
5 1 0 0 6 13
5 1 0 0 6 13
5 1 0 0 6 13
5 1 0 0 6 13
5 1 0 0 6 13
5 1 0 0 6 13
5 1 0 0 6 13
5 1 0 0 6 13
5 1 0 0 6 14
5 1 0 0 6 14
5 1 0 0 6 14
5 1 0 0 13 20
5 1 0 0 6 14
5 1 0 0 6 13
5 1 0 0 6 13
5 1 0 0 6 13
5 1 0 0 6 13
5 1 0 0 6 13
5 1 0 0 6 13
5 1 0 0 6 13
5 1 0 0 6 13
5 1 0 0 6 13
5 1 0 0 6 13
5 1 0 0 6 14
5 1 0 0 6 13
5 1 0 0 6 13
5 1 0 0 6 13
5 1 0 0 6 13
5 1 0 0 6 13
5 1 0 0 6 13
5 1 0 0 13 20
5 1 0 0 6 13
5 1 0 0 6 13
5 1 0 0 6 13
5 1 0 0 6 13
5 1 0 0 6 13
5 1 0 0 6 13
5 1 0 0 6 13
5 1 0 0 6 14
5 1 0 0 6 13
5 1 0 0 6 13
5 1 0 0 6 13
5 1 0 0 6 13
5 1 0 0 6 13
5 1 0 0 6 13
5 1 0 0 6 13
5 1 0 0 6 13
5 1 0 0 6 13
5 1 0 0 6 13
5 1 0 0 6 13
5 1 0 0 13 20
5 1 0 0 6 13
5 1 0 0 6 13
5 1 0 0 6 13
5 1 0 0 6 13
5 1 0 0 6 13
5 1 0 0 6 13
5 1 0 0 6 13
5 1 0 0 6 13
5 1 0 0 6 13
5 1 0 0 6 13
5 1 0 0 6 13
5 1 0 0 6 13
5 1 0 0 6 13
5 1 0 0 6 13
5 1 0 0 6 13
5 1 0 0 6 13
5 1 0 0 6 13
5 1 0 0 6 14
5 1 0 0 6 13
5 1 0 0 6 13
5 1 0 0 6 13
5 1 0 0 6 13
5 1 0 0 6 13
5 1 0 0 6 13
5 1 0 0 6 13
5 1 0 0 6 13
5 1 0 0 6 13
5 1 0 0 6 13
5 1 0 0 6 13
5 1 0 0 6 13
5 1 0 0 6 13
5 1 0 0 6 13
5 1 0 0 6 13
5 1 0 0 6 13
5 1 0 0 6 13
5 1 0 0 6 13
5 1 0 0 6 13
5 1 0 0 6 13
5 1 0 0 6 13
5 1 0 0 6 13
5 1 0 0 6 13
5 1 0 0 6 13
5 1 0 0 6 13
5 1 0 0 6 13
5 1 0 0 6 13
5 1 0 0 13 20
5 1 0 0 6 13
5 1 0 0 6 13
5 1 0 0 6 13
5 1 0 0 6 13
5 1 0 0 6 13
5 1 0 0 6 13
5 1 0 0 6 13
5 1 0 0 6 13
5 1 0 0 6 13
5 1 0 0 6 13
5 1 0 0 6 13
1 0 0 0 1 2
1 0 0 0 1 3
1 0 0 0 1 2
1 0 0 0 1 3
1 0 0 0 1 3
1 0 0 0 1 2
1 0 0 0 1 3
1 0 0 0 1 2
1 0 0 0 1 3
1 0 0 0 1 3
1 0 0 0 1 3
1 0 0 0 1 4
1 0 0 0 1 3
1 0 0 0 1 3
1 0 0 0 1 2
1 0 0 0 1 2
1 0 0 0 1 3
1 0 0 0 1 3
1 0 0 0 1 3
1 0 0 0 2 4
1 0 0 0 2 4
2 0 0 0 2 5
2 0 0 0 2 5
2 0 0 0 2 6
2 0 0 0 3 6
2 0 0 0 3 6
2 0 0 0 3 7
3 0 0 0 3 7
3 0 0 0 3 8
3 0 0 0 4 9
3 1 0 0 4 9
4 1 0 0 4 10
4 1 0 0 5 11
4 1 0 0 5 11
4 1 0 0 5 12
5 1 0 0 6 13
5 1 0 0 6 13
5 1 0 0 6 13
5 1 0 0 6 13
5 1 0 0 6 13
5 1 0 0 6 13
5 1 0 0 6 13
5 1 0 0 6 13
5 1 0 0 6 13
5 1 0 0 6 14
5 1 0 0 6 13
5 1 0 0 6 13
5 1 0 0 6 14
12 1 0 0 6 20
5 1 0 0 6 13
5 1 0 0 6 13
5 1 0 0 6 13
5 1 0 0 6 13
5 1 0 0 6 14
5 1 0 0 6 13
5 1 0 0 6 13
5 1 0 0 6 13
5 1 0 0 6 13
5 1 0 0 6 13
5 1 0 0 6 13
5 1 0 0 6 13
5 1 0 0 6 13
5 1 0 0 6 13
5 1 0 0 6 13
5 1 0 0 6 13
5 1 0 0 6 13
5 1 0 0 6 13
5 1 0 0 6 13
5 1 0 0 6 13
5 1 0 0 6 13
5 1 0 0 6 13
5 1 0 0 6 13
5 1 0 0 6 13
5 1 0 0 6 13
5 1 0 0 6 13
5 1 0 0 6 13
5 1 0 0 6 13
5 1 0 0 6 13
5 1 0 0 6 13
5 1 0 0 6 13
5 1 0 0 6 13
5 1 0 0 6 13
5 1 0 0 6 13
5 1 0 0 6 13
5 1 0 0 6 13
5 1 0 0 6 13
5 1 0 0 6 13
5 1 0 0 6 13
5 1 0 0 6 13
5 1 0 0 6 13
5 1 0 0 6 13
5 1 0 0 6 13
5 1 0 0 6 13
5 1 0 0 6 13
5 1 0 0 6 13
5 1 0 0 6 13
5 1 0 0 6 13
5 1 0 0 6 13
5 1 0 0 6 13
5 1 0 0 6 13
5 1 0 0 6 13
5 1 0 0 6 13
5 1 0 0 6 13
5 1 0 0 6 14
5 1 0 0 6 14
5 1 0 0 6 13
5 1 0 0 6 13
5 1 0 0 6 13
5 1 0 0 6 13
5 1 0 0 6 13
5 1 0 0 5 12
5 1 0 0 6 13
5 1 0 0 6 13
5 1 0 0 6 13
5 1 0 0 6 13
5 1 0 0 6 13
12 1 0 0 6 20
5 1 0 0 6 13
5 1 0 0 6 13
5 1 0 0 6 13
5 1 0 0 6 13
5 1 0 0 6 13
5 1 0 0 6 13
5 1 0 0 6 13
5 1 0 0 6 13
5 1 0 0 6 13
5 1 0 0 6 13
5 1 0 0 6 13
5 1 0 0 6 13
5 1 0 0 6 13
5 1 0 0 6 13
5 1 0 0 6 13
5 9 0 0 6 21
5 1 0 0 6 13
5 1 0 0 6 13
5 1 0 0 6 13
5 1 0 0 6 13
5 1 0 0 6 13
5 1 0 0 6 13
5 1 0 0 6 13
5 1 0 0 6 13
5 1 0 0 6 13
5 1 0 0 6 13
5 1 0 0 6 13
5 1 0 0 6 13
5 1 0 0 6 13
5 1 0 0 6 13
5 1 0 0 6 13
5 1 0 0 6 13
5 1 0 0 6 13
5 1 0 0 6 13
5 1 0 0 6 13
5 1 0 0 6 13
5 1 0 0 6 13
5 1 0 0 6 13
5 1 0 0 6 13
5 1 0 0 6 13
5 1 0 0 6 13
5 1 0 0 6 13
5 1 0 0 13 20
5 1 0 0 6 13
5 1 0 0 6 13
5 1 0 0 6 13
5 1 0 0 6 13
5 1 0 0 6 14
5 1 0 0 13 20
5 1 0 0 6 13
5 1 0 0 6 13
5 1 0 0 6 13
5 1 0 0 6 13
5 1 0 0 6 13
5 1 0 0 6 13
5 1 0 0 6 13
5 1 0 0 6 13
5 1 0 0 6 13
5 1 0 0 6 13
5 1 0 0 6 13
5 1 0 0 6 13
5 1 0 0 13 20
5 1 0 0 6 13
5 1 0 0 6 13
5 1 0 0 6 13
5 1 0 0 6 14
5 1 0 0 6 13
5 1 0 0 6 14
5 1 0 0 6 13
5 1 0 0 6 13
5 1 0 0 6 13
5 1 0 0 6 13
5 1 0 0 6 13
5 1 0 0 6 13
5 1 0 0 6 13
5 1 0 0 6 13
5 1 0 0 6 13
5 1 0 0 6 13
5 8 0 0 6 20
5 1 0 0 6 13
5 1 0 0 6 13
5 1 0 0 6 13
5 1 0 0 6 13
12 1 0 0 6 20
5 1 0 0 6 13
5 1 0 0 6 13
5 1 0 0 6 13
5 1 0 0 6 13
5 1 0 0 6 13
5 1 0 0 6 13
5 1 0 0 6 13
5 1 0 0 6 13
5 1 0 0 6 13
5 1 0 0 6 13
5 1 0 0 13 20
5 1 0 0 6 13
5 1 0 0 6 13
5 1 0 0 6 13
5 1 0 0 6 13
5 1 0 0 6 14
5 1 0 0 13 20
5 1 0 0 6 13
5 1 0 0 6 13
5 1 0 0 6 13
5 1 0 0 6 13
5 1 0 0 6 13
5 1 0 0 6 13
5 1 0 0 6 13
5 1 0 0 6 13
5 1 0 0 6 13
5 1 0 0 6 13
5 1 0 0 6 13
5 1 0 0 6 13
5 1 0 0 6 13
5 1 0 0 6 13
5 1 0 0 5 12
5 1 0 0 6 13
5 1 0 0 6 13
5 1 0 0 6 13
5 1 0 0 6 13
5 1 0 0 6 13
5 1 0 0 6 13
5 1 0 0 6 13
5 1 0 0 6 13
5 1 0 0 6 13
5 1 0 0 6 13
5 1 0 0 6 13
5 1 0 0 6 13
5 1 0 0 6 13
5 1 0 0 6 13
5 1 0 0 6 13
5 1 0 0 6 13
5 1 0 0 6 13
5 1 0 0 6 13
5 1 0 0 6 14
5 1 0 0 6 13
5 1 0 0 6 13
5 1 0 0 6 13
5 1 0 0 6 13
5 1 0 0 6 13
5 1 0 0 6 13
5 1 0 0 6 13
5 1 0 0 6 14
5 1 0 0 6 13
5 1 0 0 6 13
5 1 0 0 6 13
5 1 0 0 6 13
5 1 0 0 6 13
5 1 0 0 6 13
5 1 0 0 6 13
5 1 0 0 6 13
5 1 0 0 6 13
5 1 0 0 6 13
5 1 0 0 6 13
11 1 0 0 6 20
5 1 0 0 6 13
5 1 0 0 6 13
5 1 0 0 6 13
5 1 0 0 6 13
5 1 0 0 6 13
5 1 0 0 6 13
5 1 0 0 6 13
5 1 0 0 6 13
5 1 0 0 6 13
5 1 0 0 6 13
5 1 0 0 6 13
5 1 0 7 6 20
5 1 0 0 6 13
5 1 0 0 6 13
5 1 0 0 6 13
5 1 0 0 6 13
5 1 0 0 6 13
5 1 0 0 6 13
5 1 0 0 6 13
5 1 0 0 6 13
5 1 0 0 6 13
5 1 0 0 6 13
5 1 0 0 6 13
5 1 0 0 6 13
5 1 0 0 6 13
5 1 0 0 6 13
5 1 0 0 6 13
5 1 0 0 6 13
5 1 0 0 6 13
5 1 0 0 6 13
5 1 0 0 6 13
5 1 0 0 6 13
5 1 0 0 6 13
5 1 0 0 6 13
5 1 0 0 6 13
5 1 0 0 6 13
5 1 0 0 6 13
5 1 0 0 6 13
5 1 0 0 6 13
5 1 0 0 6 13
5 1 0 0 6 13
5 1 0 0 6 13
5 1 0 0 6 13
5 1 0 0 6 13
5 1 0 0 6 13
5 1 0 0 6 13
5 1 0 0 6 13
5 1 0 0 6 13
5 1 0 0 6 13
5 1 0 0 6 13
5 1 0 0 6 13
5 1 0 0 6 13
5 1 0 0 6 13
5 1 0 0 6 13
5 1 0 0 6 13
5 1 0 0 6 13
5 1 0 0 6 13
5 1 0 0 5 12
5 1 0 0 6 13
5 1 0 0 6 13
5 1 0 0 6 13
5 1 0 0 6 13
5 1 0 0 6 13
5 1 0 0 6 13
5 1 0 0 6 13
5 1 0 0 6 13
5 1 0 0 6 13
5 1 0 0 6 13
5 1 0 0 6 13
5 1 0 0 6 13
5 1 0 0 6 13
5 1 0 0 6 13
5 1 0 0 6 13
5 1 0 0 6 13
5 1 0 0 6 13
5 1 0 0 6 13
5 1 0 0 6 13
5 1 0 0 6 13
5 1 0 0 6 13
5 1 0 0 6 13
5 1 0 0 6 13
5 1 0 0 6 13
5 1 0 0 6 13
5 1 0 0 6 13
5 1 0 0 6 13
5 1 0 0 6 13
5 1 0 0 6 13
5 1 0 0 6 13
5 1 0 0 6 13
5 1 0 0 6 13
5 1 0 0 6 13
5 1 0 0 6 14
5 1 0 0 6 13
5 1 0 0 6 13
5 1 0 0 6 13
5 1 0 0 6 13
5 1 0 0 6 13
5 1 0 0 6 13
5 1 0 0 6 13
5 1 0 0 6 13
5 1 0 0 6 13
5 1 0 0 6 13
5 1 0 0 6 13
5 1 0 0 6 13
5 1 0 0 6 13
5 1 0 0 6 13
5 1 0 0 6 13
5 1 0 0 6 13
5 1 0 0 6 13
5 1 0 0 6 13
5 1 0 0 6 13
5 1 0 0 6 13
5 1 0 0 6 13
5 1 0 0 6 13
5 1 0 0 6 13
5 1 0 0 6 13
5 1 0 0 6 13
5 1 0 0 6 13
5 1 0 0 6 13
5 1 0 0 6 13
5 1 0 0 6 13
5 1 0 0 6 13
5 1 0 0 6 13
5 1 0 0 6 13
5 1 0 0 6 13
5 1 0 0 6 13
5 1 0 0 6 13
5 1 0 7 6 20
5 1 0 0 6 13
5 1 0 0 6 13
5 1 0 0 6 13
5 1 0 0 6 13
5 1 0 0 6 13
5 1 0 0 6 13
5 1 0 0 6 13
5 1 0 0 6 13
5 1 0 0 6 13
5 1 0 0 6 13
5 1 0 0 6 13
5 1 0 0 6 13
5 1 0 0 6 13
5 1 0 0 6 13
5 1 0 0 6 13
11 1 0 0 6 20
5 1 0 0 6 13
5 1 0 0 6 13
5 1 0 0 6 13
5 1 0 0 6 13
5 1 0 0 6 13
5 1 0 0 6 13
5 1 0 0 6 13
5 1 0 0 6 13
5 1 0 0 6 13
5 1 0 0 6 13
5 1 0 0 6 13
5 1 0 0 6 13
5 1 0 0 6 13
5 1 0 0 5 13
5 1 0 0 6 13
5 1 0 0 6 13
5 1 0 0 6 13
5 1 0 0 6 14
5 1 0 0 6 13
5 1 0 0 6 13
5 1 0 0 6 13
5 1 0 0 6 13
5 1 0 0 6 13
5 1 0 0 6 13
5 1 0 0 6 13
5 1 0 0 6 13
5 1 0 0 6 13
5 1 0 0 6 13
5 1 0 0 6 13
5 1 0 0 6 13
5 1 0 0 6 13
5 1 0 0 6 13
5 1 0 0 6 13
5 1 0 0 6 13
5 1 0 0 6 13
5 1 0 0 6 13
5 1 0 0 6 13
5 1 0 0 6 13
5 1 0 0 6 13
5 1 0 0 6 13
5 1 0 0 6 13
5 1 0 0 6 13
5 1 0 0 13 20
5 1 0 0 6 14
5 1 0 0 6 13
5 1 0 0 6 13
5 1 0 0 6 13
5 1 0 0 6 13
5 1 0 0 6 13
5 1 0 0 6 13
5 1 0 0 6 13
5 1 0 0 6 13
5 1 0 0 6 13
5 1 0 0 6 13
5 1 0 0 6 13
5 1 0 0 6 13
5 1 0 0 6 13
5 1 0 0 6 13
5 1 0 0 6 13
5 1 0 0 6 13
5 1 0 0 6 13
5 1 0 0 6 13
5 1 0 0 6 13
6 2 0 0 11 21
5 2 0 0 9 18
5 2 0 0 8 16
5 1 0 0 7 15
5 1 0 0 6 13
5 1 0 0 6 13
5 1 0 0 6 13
5 1 0 0 6 13
5 1 0 0 6 13
5 1 0 0 6 13
5 1 0 0 6 13
5 1 0 0 6 13
5 1 0 0 6 13
5 1 0 0 6 13
5 1 0 0 6 13
5 1 0 0 6 13
5 1 0 0 6 14
5 1 0 0 7 15
5 1 0 0 7 15
5 1 0 0 7 14
5 1 0 0 7 14
5 1 0 0 6 14
5 1 0 0 6 13
5 1 0 0 6 13
5 1 0 0 6 13
5 1 0 0 6 13
5 1 0 0 6 13
5 1 0 0 6 13
5 1 0 0 6 13
5 1 0 0 6 13
5 1 0 0 6 13
5 1 0 0 6 13
5 1 0 0 6 13
5 1 0 0 6 13
5 1 0 0 6 13
5 1 0 0 13 20
5 1 0 0 6 13
5 1 0 0 6 13
5 1 0 0 6 13
5 1 0 0 6 13
5 1 0 0 6 13
5 1 0 0 6 13
5 1 0 0 6 13
5 1 0 0 6 13
12 1 0 0 6 20
5 1 0 0 6 13
5 1 0 0 6 13
5 1 0 0 6 13
5 1 0 0 6 13
5 1 0 0 6 13
5 1 0 0 6 13
5 1 0 0 6 13
5 1 0 0 6 13
5 1 0 0 6 13
5 1 0 0 6 14
5 1 0 0 6 13
5 1 0 0 6 13
5 1 0 0 6 13
5 1 0 0 6 13
5 1 0 0 6 13
12 1 0 0 6 20
5 1 0 0 6 13
5 1 0 0 6 13
5 1 0 0 6 13
5 1 0 0 6 13
5 1 0 0 6 13
5 1 0 0 6 13
5 1 0 0 6 13
5 1 0 0 6 13
5 1 0 0 6 13
5 1 0 0 6 13
5 1 0 0 6 13
5 1 0 0 6 13
5 1 0 0 6 13
5 1 0 0 6 13
5 1 0 0 6 13
5 1 0 0 6 13
5 1 0 0 6 13
5 1 0 0 6 13
5 1 0 0 6 13
5 1 0 0 6 13
5 1 0 0 6 13
5 1 0 0 6 13
5 1 0 0 6 13
5 1 0 0 6 13
5 1 0 0 6 13
5 1 0 0 6 13
5 1 0 0 6 13
5 1 0 0 6 13
5 1 0 0 6 13
5 1 0 0 6 13
5 1 0 0 6 13
5 1 0 0 6 13
5 1 0 0 6 13
5 1 0 0 6 13
5 1 0 0 6 13
5 1 0 0 6 13
5 1 0 0 6 13
5 1 0 0 6 13
5 1 0 0 6 13
5 1 0 0 6 13
5 1 0 0 6 13
5 1 0 0 6 13
5 1 0 0 6 13
5 1 0 0 6 13
5 1 0 0 6 13
5 1 0 0 6 13
5 1 0 0 6 13
5 1 0 0 6 13
5 1 0 0 6 13
5 1 0 0 6 13
5 1 0 0 6 13
5 1 0 0 6 13
5 1 0 0 6 13
5 1 0 0 6 13
5 1 0 0 6 13
5 1 0 0 6 13
5 1 0 0 6 13
5 1 0 0 6 13
5 1 0 0 6 13
5 1 0 0 6 13
5 1 0 0 6 13
5 1 0 0 6 13
5 1 0 0 6 13
5 8 0 0 6 20
5 1 0 0 6 13
5 1 0 0 6 13
5 1 0 0 6 13
5 1 0 0 6 13
5 1 0 0 6 13
5 1 0 0 6 13
5 1 0 0 6 13
5 1 0 0 6 13
5 1 0 0 6 13
5 1 0 0 6 13
5 1 0 0 6 13
5 1 0 0 6 13
5 1 0 0 6 13
5 1 0 0 6 13
5 1 0 0 6 13
5 1 0 0 6 13
5 1 0 0 6 13
5 1 0 0 6 13
5 1 0 0 6 13
5 1 0 0 6 13
5 1 0 0 6 13
5 1 0 0 13 20
5 1 0 0 6 13
5 1 0 0 6 13
5 1 0 0 6 13
5 1 0 0 6 13
5 1 0 0 6 13
5 1 0 0 6 13
5 1 0 0 6 13
5 1 0 0 6 13
5 1 0 0 6 13
5 1 0 0 6 13
5 1 0 0 6 13
5 1 0 0 6 13
5 1 0 0 6 13
5 1 0 0 6 13
5 1 0 0 6 13
5 1 0 0 6 13
5 1 0 0 6 13
5 1 0 0 6 13
5 1 0 0 6 13
5 1 0 0 6 13
5 1 0 0 6 13
5 1 0 0 6 13
5 1 0 0 6 13
5 1 0 0 6 13
5 1 0 0 6 13
5 1 0 0 6 13
5 1 0 0 6 13
5 1 0 0 6 13
5 1 0 0 6 13
5 1 0 0 6 13
5 1 0 0 6 13
5 1 0 0 6 13
5 1 0 0 6 13
5 1 0 0 13 20
5 1 0 0 6 13
5 1 0 0 6 13
5 1 0 0 6 13
5 1 0 0 6 13
5 1 0 0 6 13
5 1 0 0 6 13
5 1 0 0 13 20
5 1 0 0 6 13
5 1 0 0 6 13
5 1 0 0 6 13
5 1 0 0 6 13
5 1 0 0 6 13
5 1 0 0 6 13
5 1 0 0 6 13
5 1 0 0 6 13
5 1 0 0 6 13
5 1 0 0 6 13
5 1 0 0 6 13
5 1 0 0 6 13
5 1 0 0 6 13
5 1 0 0 6 13
5 1 0 0 6 13
5 1 0 0 6 13
5 1 0 0 6 13
5 1 0 0 6 13
5 1 0 0 6 13
5 1 0 0 6 13
5 1 0 0 6 13
5 1 0 0 6 13
5 1 0 0 6 13
5 1 0 0 6 13
5 1 0 0 6 13
5 1 0 0 6 13
5 1 0 0 6 13
5 1 0 0 6 13
5 1 0 0 6 13
5 1 0 0 6 13
5 1 0 0 13 20
5 1 0 0 6 13
5 1 0 0 6 13
5 1 0 0 6 13
5 1 0 0 6 13
5 1 0 0 6 13
5 1 0 0 6 13
5 1 0 0 6 13
5 1 0 0 6 13
5 1 0 0 6 13
5 1 0 0 6 13
5 1 0 0 6 13
5 1 0 0 6 13
5 1 0 0 6 13
5 1 0 0 6 13
5 1 0 0 6 13
5 1 0 0 6 13
5 1 0 0 6 13
5 1 0 0 6 13
5 1 0 0 6 13
5 1 0 0 6 13
5 1 0 0 6 13
5 1 0 0 6 13
5 1 0 0 6 13
5 1 0 0 6 13
5 1 0 0 6 13
5 1 0 0 6 13
5 1 0 0 6 13
5 1 0 0 6 13
5 1 0 0 6 13
5 1 0 0 6 13
5 1 0 0 6 13
5 1 0 0 6 13
5 1 0 0 6 13
5 1 0 0 6 13
5 1 0 0 6 13
5 1 0 0 6 13
5 1 0 0 6 13
5 1 0 0 6 13
5 1 0 0 6 13
5 1 0 0 6 13
5 1 0 0 6 13
5 1 0 0 6 13
5 1 0 0 6 13
5 1 0 0 6 13
5 1 0 0 6 13
5 1 0 0 6 13
5 1 0 0 6 13
5 1 0 0 6 13
5 1 0 0 6 13
5 1 0 0 6 13
5 1 0 0 6 13
5 1 0 0 6 13
5 1 0 0 6 13
5 1 0 0 6 13
5 1 0 0 8 15
5 1 0 0 6 14
5 1 0 0 6 13
5 1 0 0 6 13
5 1 0 0 6 13
5 1 0 0 6 13
5 1 0 0 6 13
5 1 0 0 6 13
5 1 0 0 6 13
5 1 0 0 6 13
5 1 0 0 6 13
5 1 0 0 6 13
5 1 0 0 6 13
5 1 0 0 6 13
5 1 0 0 6 13
5 1 0 0 6 13
5 1 0 0 6 13
5 1 0 0 6 13
5 1 0 0 6 13
5 1 0 0 6 13
5 1 0 0 6 13
5 1 0 0 6 13
5 1 0 0 6 13
5 1 0 0 6 13
5 1 0 0 6 13
5 1 0 0 6 13
5 1 0 0 6 13
5 1 0 0 6 13
5 1 0 0 6 13
5 1 0 0 6 13
5 1 0 0 6 13
5 1 0 0 6 13
5 1 0 0 6 13
5 1 0 0 6 13
5 1 0 0 6 13
5 1 0 0 6 13
5 1 0 0 6 13
5 1 0 0 6 13
5 1 0 0 6 13
5 1 0 0 6 13
5 1 0 0 6 13
5 1 0 0 6 13
5 1 0 0 6 13
5 1 0 0 6 13
5 1 0 0 6 13
5 1 0 0 6 13
5 1 0 0 6 13
5 1 0 0 6 13
5 1 0 0 6 13
5 1 0 0 6 13
5 1 0 0 6 13
5 1 0 0 6 13
5 1 0 0 6 13
5 1 0 0 6 13
5 1 0 0 6 13
5 8 0 0 6 20
5 1 0 0 6 13
5 1 0 0 6 13
5 1 0 0 6 13
5 1 0 0 6 13
5 1 0 0 6 13
5 1 0 0 6 13
5 1 0 0 6 13
5 1 0 0 6 13
5 1 0 0 6 13
5 1 0 0 13 20
5 1 0 0 6 13
5 1 0 0 6 13
5 1 0 0 6 13
5 1 0 0 6 13
5 1 0 0 6 13
5 1 0 0 6 13
5 1 0 0 6 13
5 1 0 0 6 13
5 1 0 0 6 13
5 1 0 0 6 13
5 1 0 0 6 13
5 1 0 0 6 13
5 1 0 0 6 13
5 1 0 0 6 13
5 1 0 0 6 13
5 1 0 0 6 13
5 1 0 0 6 13
5 1 0 0 6 13
5 1 0 0 6 13
5 1 0 0 6 13
5 1 0 0 6 13
5 1 0 0 6 13
5 1 0 0 6 13
5 1 0 0 6 13
5 1 0 0 6 13
5 1 0 0 6 13
5 1 0 0 6 13
5 1 0 0 6 13
5 1 0 0 6 13
5 1 0 0 6 13
5 1 0 0 6 13
5 1 0 0 6 13
5 1 0 0 6 13
5 1 0 0 6 13
5 1 0 0 6 13
5 1 0 0 6 13
5 1 0 0 6 14
5 1 0 0 6 13
5 1 0 0 6 13
5 1 0 0 6 13
5 1 0 0 6 13
5 1 0 0 6 14
5 1 0 0 6 13
5 1 0 0 6 13
5 1 0 0 6 13
5 1 0 0 6 13
5 1 0 0 6 13
5 1 0 0 6 13
5 1 0 0 6 13
5 1 0 0 6 13
5 1 0 0 6 13
5 1 0 0 6 13
5 1 0 0 6 13
5 1 0 0 6 13
5 1 0 0 6 13
5 1 0 0 6 13
5 1 0 0 6 13
12 1 0 0 6 20
5 1 0 0 6 13
5 1 0 0 6 13
5 1 0 0 6 13
5 1 0 0 6 13
5 1 0 0 6 13
5 1 0 0 6 13
5 1 0 0 6 13
5 1 0 0 6 13
5 1 0 0 6 13
5 1 0 0 6 13
5 1 0 0 6 13
5 1 0 0 6 13
5 1 0 0 6 13
5 1 0 0 6 13
5 1 0 0 6 13
5 1 0 0 6 13
5 1 0 0 6 13
5 1 0 0 6 13
5 1 0 0 6 13
5 1 0 0 6 13
5 1 0 0 6 13
5 1 0 0 6 13
5 1 0 0 6 13
5 1 0 0 6 13
5 1 0 0 6 13
5 1 0 0 6 13
5 1 0 0 6 13
5 1 0 0 6 13
5 1 0 0 6 13
5 1 0 0 6 13
5 1 0 0 6 13
5 1 0 0 6 13
5 1 0 0 6 13
5 1 0 0 6 13
5 1 0 0 16 23
5 1 0 0 6 13
5 1 0 0 5 12
5 1 0 0 6 13
5 1 0 0 6 13
5 1 0 0 6 13
5 1 0 0 6 13
5 1 0 0 6 13
5 1 0 0 6 13
5 1 0 0 6 13
5 1 0 0 6 13
5 1 0 0 6 13
5 1 0 0 6 13
5 1 0 0 6 13
5 1 0 0 6 13
5 1 0 0 6 13
5 1 0 0 6 14
5 1 0 0 6 13
5 1 0 0 6 13
5 1 0 0 6 13
5 1 0 0 6 13
5 1 0 0 6 13
5 1 0 0 6 13
5 1 0 0 6 13
5 1 0 0 6 13
5 1 0 0 6 13
5 1 0 0 6 13
5 1 0 1 6 14
5 1 0 0 6 14
5 1 0 0 6 13
5 1 0 0 6 13
5 1 0 0 6 13
5 1 0 0 6 13
5 1 0 0 6 13
5 1 0 0 6 13
5 1 0 0 6 13
5 1 0 0 6 13
5 1 0 0 6 13
5 1 0 0 6 13
5 1 0 0 6 13
5 1 0 0 6 14
5 1 0 0 6 13
5 1 0 0 6 13
5 1 0 0 6 13
5 1 0 0 6 13
5 1 0 0 6 13
5 1 0 0 6 13
5 1 0 0 6 13
5 1 0 0 6 13
5 1 0 0 6 13
5 1 0 0 6 13
5 1 0 0 6 13
5 1 0 0 6 13
5 1 0 0 6 13
5 1 0 0 6 13
5 1 0 0 6 13
5 1 0 0 6 13
5 1 0 0 6 13
5 1 0 0 6 13
5 1 0 0 6 13
5 1 0 0 6 13
5 1 0 0 6 13
5 1 0 0 6 13
5 1 0 0 6 13
5 1 0 0 6 13
5 1 0 0 6 13
5 1 0 0 6 13
5 1 0 0 6 13
5 1 0 0 6 13
5 1 0 0 6 13
5 1 0 0 6 13
5 1 0 0 6 13
5 1 0 0 6 13
5 1 0 0 6 13
5 1 0 0 13 20
5 1 0 0 6 13
5 1 0 0 6 13
5 1 0 0 6 13
5 1 0 0 6 13
5 1 0 0 6 13
5 1 0 0 6 13
5 1 0 0 6 13
5 1 0 0 6 13
5 1 0 0 6 13
5 1 0 0 6 13
5 1 0 0 6 13
5 1 0 0 6 13
5 1 0 0 6 13
5 1 0 0 6 13
5 1 0 0 6 13
5 1 0 0 6 13
5 1 0 0 6 13
5 1 0 0 6 13
5 1 0 0 6 13
5 1 0 0 6 13
5 1 0 0 6 13
5 1 0 0 6 13
5 1 0 0 6 13
5 1 0 0 6 13
5 1 0 0 6 13
5 1 0 0 6 13
5 1 0 0 6 13
5 1 0 0 5 12
5 1 0 0 6 13
5 1 0 0 6 13
5 1 0 0 6 13
5 1 0 0 6 13
5 1 0 0 6 13
5 1 0 0 6 13
5 1 0 0 6 13
5 1 0 0 6 13
5 1 0 0 6 13
5 1 0 0 6 13
5 1 0 0 6 13
5 1 0 0 6 13
5 1 0 0 6 13
5 1 0 0 6 13
5 1 0 0 6 13
5 1 0 0 6 13
5 1 0 0 6 13
5 1 0 0 6 13
5 1 0 0 6 13
5 1 0 0 6 13
5 1 0 0 6 13
5 1 0 0 6 13
5 1 0 0 6 13
5 1 0 0 6 13
5 1 0 0 6 13
5 1 0 0 6 13
5 1 0 0 6 13
5 1 0 0 6 13
5 1 0 0 6 13
5 1 0 0 6 13
5 1 0 0 6 13
5 1 0 0 6 13
5 1 0 0 6 13
5 1 0 0 6 13
5 1 0 0 13 20
5 1 0 0 6 13
5 1 0 0 6 13
5 1 0 0 6 13
5 1 0 0 6 13
5 1 0 0 6 13
5 1 0 0 6 13
5 1 0 0 6 13
5 1 0 0 6 14
5 1 0 0 6 13
5 1 0 0 6 13
5 1 0 0 6 13
5 1 0 0 6 13
5 1 0 0 6 13
5 1 0 0 6 13
5 1 0 0 6 13
5 1 0 0 6 13
5 1 0 0 6 13
5 1 0 0 6 13
5 1 0 0 6 13
5 1 0 0 6 13
5 1 0 0 6 13
5 1 0 0 6 13
5 1 0 0 6 13
5 1 0 0 6 13
5 1 0 0 6 13
5 1 0 0 6 13
5 1 0 0 6 13
5 1 0 0 6 13
5 1 0 0 6 13
5 1 0 0 6 13
5 1 0 0 6 13
5 1 0 0 6 13
5 1 0 0 6 13
5 1 0 0 6 13
5 1 0 0 6 13
5 1 0 0 6 13
5 1 0 0 6 13
5 1 0 0 6 13
5 1 0 0 6 13
5 1 0 0 6 13
5 1 0 0 6 13
5 1 0 0 6 13
5 1 0 0 6 13
5 1 0 0 6 13
5 1 0 0 6 13
5 1 0 0 6 13
5 1 0 0 6 13
5 1 0 0 6 14
5 1 0 0 6 14
5 1 0 0 6 15
5 1 0 0 6 14
5 1 0 0 6 13
5 1 0 0 6 13
5 1 0 0 6 13
5 1 0 0 6 13
5 1 0 0 6 13
5 1 0 0 6 13
5 1 0 0 6 13
5 1 0 0 6 13
5 1 0 0 6 13
5 1 0 0 6 13
5 1 0 0 6 13
5 1 0 0 6 13
5 1 0 0 6 13
5 1 0 0 6 13
5 1 0 0 6 13
5 1 0 0 6 13
5 1 0 0 6 13
5 1 0 0 6 13
5 1 0 0 6 13
5 1 0 0 6 13
5 1 0 0 6 13
5 1 0 0 6 13
5 1 0 0 6 13
5 1 0 0 5 12
5 1 0 0 6 13
5 1 0 0 6 13
5 1 0 0 6 13
5 1 0 0 6 13
5 1 0 0 6 13
5 1 0 0 6 13
5 1 0 0 6 13
5 1 0 0 6 13
5 1 0 0 5 13
5 1 0 0 6 13
5 1 0 0 6 13
5 1 0 0 6 13
5 1 0 0 6 13
5 1 0 0 6 13
5 1 0 0 6 13
5 1 0 0 6 13
5 1 0 0 6 13
5 1 0 0 6 13
5 1 0 0 6 13
5 1 0 0 6 13
5 1 0 0 6 13
5 1 0 0 6 13
5 1 0 0 6 13
5 1 0 0 6 13
5 1 0 0 6 13
5 1 0 0 6 13
5 1 0 0 6 13
5 1 0 0 6 13
5 1 0 0 6 13
5 1 0 0 6 13
5 1 0 0 6 13
5 1 0 0 6 13
5 1 0 0 6 13
5 1 0 0 13 20
5 1 0 0 6 13
5 1 0 0 6 13
5 1 0 0 6 13
5 1 0 0 6 13
5 1 0 0 6 13
5 1 0 0 6 13
5 1 0 0 6 13
5 1 0 0 6 13
5 1 0 0 6 14
5 1 0 0 6 13
5 1 0 0 6 13
5 1 0 0 6 13
5 1 0 0 6 14
5 1 0 0 6 13
5 1 0 0 6 13
5 1 0 0 6 13
5 1 0 0 6 13
5 1 0 0 6 13
5 1 0 0 6 13
5 1 0 0 6 13
5 1 0 0 6 13
5 1 0 0 13 20
5 1 0 0 6 13
5 1 0 0 6 13
5 1 0 0 6 13
5 1 0 0 6 13
5 1 0 0 6 13
5 1 0 0 6 13
5 1 0 0 6 13
5 1 0 0 6 13
5 1 0 0 6 13
5 1 0 0 6 13
5 1 0 0 6 13
5 1 0 0 6 13
5 1 0 0 6 13
5 1 0 0 6 13
5 1 0 0 6 13
5 1 0 0 6 13
5 1 0 0 6 13
5 1 0 0 6 13
11 1 0 0 6 20
5 1 0 0 6 13
5 1 0 0 6 13
5 1 0 0 6 13
5 1 0 0 6 13
5 1 0 0 6 13
5 1 0 0 6 13
5 1 0 0 6 13
5 1 0 0 6 13
5 1 0 0 6 13
5 1 0 0 6 13
5 1 0 0 6 13
5 1 0 0 6 13
5 1 0 0 6 13
5 1 0 0 6 13
5 1 0 0 6 13
5 1 0 0 6 13
5 1 0 0 6 13
5 1 0 0 6 13
5 1 0 0 6 13
5 1 0 0 6 13
5 1 0 0 6 13
5 1 0 0 6 13
5 1 0 0 6 13
5 1 0 0 6 13
5 1 0 0 6 13
5 1 0 0 6 13
5 1 0 0 6 13
5 1 0 0 6 13
5 1 0 0 6 13
5 1 0 0 6 13
5 1 0 0 6 13
5 1 0 0 6 13
5 1 0 0 6 13
5 1 0 0 6 13
5 1 0 0 6 13
5 1 0 0 6 13
5 1 0 0 6 13
5 1 0 0 6 13
5 1 0 0 6 13
5 1 0 0 6 13
5 1 0 0 6 13
5 1 0 0 6 13
5 1 0 0 6 13
5 1 0 0 6 13
5 1 0 0 6 13
5 1 0 0 6 13
5 1 0 0 6 13
5 1 0 0 6 13
5 1 0 0 6 13
5 1 0 0 6 13
5 1 0 0 6 13
5 1 0 0 6 13
5 1 0 0 6 13
5 1 0 0 6 13
5 1 0 0 6 13
5 1 0 0 6 13
5 1 0 0 6 13
5 1 0 0 6 13
5 1 0 0 6 13
5 1 0 0 6 14
5 1 0 0 6 13
5 1 0 0 6 13
5 1 0 0 6 13
5 1 0 0 6 13
5 1 0 0 6 13
5 1 0 0 6 13
5 1 0 0 6 13
5 1 0 0 6 13
5 1 0 0 6 13
5 1 0 0 6 13
5 1 0 0 6 13
5 1 0 0 6 13
5 1 0 0 6 13
5 1 0 0 6 13
5 1 0 0 6 13
5 1 0 0 6 14
5 1 0 0 13 20
5 1 0 0 6 13
5 1 0 0 6 13
5 1 0 0 6 13
5 1 0 0 6 13
5 1 0 0 6 13
5 1 0 0 6 13
5 1 0 0 6 13
5 1 0 0 6 13
5 1 0 0 6 13
5 1 0 0 6 13
5 1 0 0 6 13
5 1 0 0 6 13
5 1 0 0 6 13
5 1 0 0 6 13
5 1 0 0 6 13
5 1 0 0 6 13
5 1 0 0 6 13
5 1 0 0 6 13
5 1 0 0 6 13
5 1 0 0 6 13
5 1 0 0 5 12
5 1 0 0 6 13
5 1 0 0 6 13
5 1 0 0 6 13
5 1 0 0 6 13
5 1 0 0 6 13
5 1 0 0 6 13
5 1 0 0 6 13
5 1 0 0 6 13
5 1 0 0 6 13
5 1 0 0 6 13
5 1 0 0 6 13
5 1 0 0 6 13
5 1 0 0 6 13
5 1 0 0 6 13
5 1 0 0 6 13
5 1 0 0 6 13
5 1 0 0 6 13
5 1 0 0 6 13
5 1 0 0 6 13
5 1 0 0 6 13
5 1 0 0 6 13
5 1 0 0 6 13
5 1 0 0 6 13
5 1 0 0 13 20
5 1 0 0 6 13
5 1 0 0 6 13
5 1 0 0 6 13
5 1 0 0 6 13
5 1 0 0 6 13
5 1 0 0 6 13
5 1 0 0 6 13
5 1 0 0 5 12
5 1 0 0 6 13
5 1 0 0 6 13
5 1 0 0 6 13
5 1 0 0 6 13
5 1 0 0 6 13
5 1 0 0 6 13
5 1 0 0 6 13
5 1 0 0 6 13
5 1 0 0 6 13
5 1 0 0 6 13
5 1 0 0 6 13
5 1 0 0 6 13
5 1 0 0 6 13
5 1 0 0 6 13
5 1 0 0 6 13
5 1 0 0 6 13
5 1 0 0 6 13
5 1 0 0 6 13
5 1 0 0 6 14
5 1 0 0 6 13
5 1 0 0 6 13
5 1 0 0 6 13
5 1 0 0 6 13
5 1 0 0 6 13
5 1 0 0 6 13
5 1 0 0 6 13
5 1 0 0 6 13
5 1 0 0 6 13
5 1 0 0 6 13
5 1 0 0 6 13
5 1 0 0 6 13
5 1 0 0 6 13
5 1 0 0 6 13
5 1 0 0 6 13
5 1 0 0 6 13
5 1 0 0 6 13
5 1 0 0 6 13
5 1 0 0 6 13
5 1 0 0 6 13
5 1 0 0 6 13
5 1 0 0 6 13
5 1 0 0 6 13
5 1 0 0 6 13
5 1 0 0 6 13
5 1 0 0 6 13
5 1 0 0 6 13
5 1 0 0 6 13
5 1 0 0 6 14
5 1 0 0 6 14
5 1 0 0 6 13
5 1 0 0 6 13
5 1 0 0 6 13
5 1 0 0 6 13
1 0 0 0 2 3
1 0 0 0 1 3
1 0 0 0 1 3
1 0 0 0 1 3
1 0 0 0 1 3
1 0 0 0 1 3
1 0 0 0 1 3
1 0 0 0 1 3
1 0 0 0 1 2
1 0 0 0 1 3
1 0 0 0 1 4
1 0 0 0 2 4
1 0 0 0 2 4
2 0 0 0 2 5
2 0 0 0 2 5
2 0 0 0 2 5
2 0 0 0 3 6
2 0 0 0 3 7
3 0 0 0 3 7
3 0 0 0 3 8
3 0 0 0 4 9
3 0 0 0 4 9
3 0 0 0 4 9
4 1 0 0 4 10
11 1 0 0 5 19
5 1 0 0 6 13
5 1 0 0 6 13
5 1 0 0 6 13
5 1 0 0 6 13
5 1 0 0 6 13
5 1 0 0 6 13
5 1 0 0 6 13
5 1 0 0 6 13
5 1 0 0 6 13
5 1 0 0 6 13
5 1 0 0 6 13
5 1 0 0 6 13
5 1 0 0 6 13
5 1 0 0 6 13
5 1 0 0 13 20
5 1 0 0 6 13
5 1 0 0 6 13
5 1 0 0 6 13
5 1 0 0 6 13
5 1 0 0 6 13
5 1 0 0 6 13
5 1 0 0 6 13
5 1 0 0 6 13
5 1 0 0 6 13
5 1 0 0 6 13
5 1 0 0 7 15
5 1 0 0 7 15
5 1 0 0 6 14
5 1 0 0 6 13
5 1 0 0 6 13
5 1 0 0 6 14
5 1 0 0 6 13
5 1 0 0 6 13
5 1 0 0 6 13
5 1 0 0 6 13
5 1 0 0 6 13
5 1 0 0 6 13
5 1 0 0 6 13
5 1 0 0 6 13
5 1 0 0 6 13
5 1 0 0 13 20
5 1 0 0 6 13
5 1 0 0 6 13
5 1 0 0 6 13
5 1 0 0 6 13
5 1 0 0 6 14
5 1 0 0 6 13
5 1 0 0 6 13
5 1 0 0 6 13
5 1 0 0 6 13
5 1 0 0 6 13
5 1 0 0 6 13
5 1 0 0 13 20
5 1 0 0 6 13
5 1 0 0 6 13
5 1 0 0 6 13
5 1 0 0 6 13
5 1 0 0 6 13
5 1 0 0 6 13
5 1 0 0 6 13
5 1 0 0 6 13
5 1 0 0 6 13
5 1 0 0 6 13
5 1 0 0 6 13
5 1 0 0 6 13
5 1 0 0 6 13
5 1 0 0 6 13
5 1 0 0 6 13
5 1 0 0 6 13
5 1 0 0 6 13
5 1 0 0 6 13
5 1 0 0 6 13
5 1 0 0 6 13
5 1 0 0 6 13
5 1 0 0 6 13
5 1 0 0 7 15
5 1 0 0 6 13
5 1 0 0 6 13
5 1 0 0 6 13
5 1 0 0 6 13
5 1 0 0 6 13
5 1 0 0 6 13
5 1 0 0 6 13
5 1 0 0 6 13
5 1 0 0 6 13
5 1 0 0 6 13
5 1 0 0 6 13
5 1 0 0 6 13
5 1 0 0 6 13
5 1 0 0 6 13
5 1 0 0 6 13
5 1 0 0 6 13
5 1 0 0 6 13
5 1 0 0 6 13
5 1 0 0 6 13
5 1 0 0 6 13
5 1 0 0 6 13
5 1 0 0 6 13
5 1 0 0 6 13
5 1 0 0 6 13
5 1 0 0 6 13
5 1 0 0 6 13
5 1 0 0 6 13
5 1 0 0 6 13
5 1 0 0 6 13
5 1 0 0 6 13
5 1 0 0 6 13
5 1 0 0 6 13
5 1 0 0 6 13
5 1 0 0 6 13
5 1 0 0 6 13
5 1 0 0 6 13
5 1 0 0 6 13
5 1 0 0 6 13
5 1 0 0 6 13
5 1 0 0 6 13
5 1 0 0 6 13
5 1 0 0 6 13
5 1 0 0 6 13
5 1 0 0 6 13
5 1 0 0 6 13
5 1 0 0 6 13
5 1 0 0 6 13
5 1 0 0 6 13
5 1 0 0 5 13
5 1 0 0 6 13
5 1 0 0 6 13
5 1 0 0 6 13
5 1 0 0 6 13
5 1 0 0 6 13
5 1 0 0 6 13
5 1 0 0 6 13
5 1 0 0 6 13
5 1 0 0 6 13
5 1 0 0 6 14
5 1 0 0 6 13
5 1 0 0 6 13
5 1 0 0 6 13
5 1 0 0 6 13
5 1 0 0 6 13
5 1 0 0 6 13
5 1 0 0 6 13
5 1 0 0 6 13
5 1 0 0 6 13
5 1 0 0 6 13
5 1 0 0 6 13
5 1 0 0 6 13
5 1 0 0 6 13
5 1 0 0 6 13
5 1 0 0 6 13
5 1 0 0 6 13
5 1 0 0 6 13
5 1 0 0 6 13
5 1 0 0 6 13
5 1 0 0 6 13
5 1 0 0 6 13
5 1 0 0 6 13
5 1 0 0 6 13
5 1 0 0 6 13
5 1 0 0 6 13
5 1 0 0 6 13
5 1 0 0 6 13
5 1 0 0 6 13
5 1 0 0 6 13
5 1 0 0 6 13
5 1 0 0 6 13
5 1 0 0 6 13
5 1 0 0 6 13
5 1 0 0 6 13
5 1 0 0 6 13
5 1 0 0 6 13
5 8 0 0 6 20
5 1 0 0 13 20
5 1 0 0 6 13
5 1 0 0 6 13
5 1 0 0 6 13
5 1 0 0 6 13
5 1 0 0 6 13
5 1 0 0 6 13
5 1 0 0 6 13
5 1 0 0 6 13
5 1 0 0 6 13
5 1 0 0 6 13
5 1 0 0 6 13
5 1 0 0 6 13
5 1 0 0 6 13
5 1 0 0 6 13
5 1 0 0 6 13
5 1 0 0 6 13
5 1 0 0 6 13
5 1 0 0 6 13
5 1 0 0 6 13
5 1 0 0 6 13
5 1 0 0 6 13
5 1 0 0 6 13
5 1 0 0 6 13
5 1 0 0 6 13
5 1 0 0 6 13
5 1 0 0 6 13
5 1 0 0 6 13
5 1 0 0 6 13
5 1 0 0 6 13
5 1 0 0 6 13
5 1 0 0 6 13
5 1 0 0 6 13
5 1 0 0 6 13
5 1 0 0 6 13
5 1 0 0 6 14
5 1 0 0 6 13
5 1 0 0 6 13
5 1 0 0 6 14
5 1 0 0 6 13
5 1 0 0 6 13
5 1 0 0 6 13
5 1 0 0 6 13
5 1 0 0 6 13
5 1 0 0 6 13
5 1 0 0 6 13
5 1 0 0 13 20
5 1 0 0 6 13
5 1 0 0 6 13
5 1 0 0 6 13
5 1 0 0 13 20
5 1 0 0 6 13
5 1 0 0 6 13
5 1 0 0 6 13
5 1 0 0 6 13
5 1 0 0 6 13
5 1 0 0 6 13
5 1 0 0 6 13
5 1 0 0 6 13
5 1 0 0 6 13
5 1 0 0 6 13
5 1 0 0 6 13
5 1 0 0 6 13
5 1 0 0 6 13
5 1 0 0 6 13
5 1 0 0 6 13
5 1 0 0 6 13
5 1 0 0 6 13
5 1 0 0 6 13
5 1 0 0 6 13
5 1 0 0 6 13
5 1 0 0 6 13
5 1 0 0 6 13
5 1 0 0 6 13
5 1 0 0 6 13
5 1 0 0 6 13
5 1 0 0 6 13
5 1 0 0 6 13
5 1 0 0 6 13
5 1 0 0 6 13
5 1 0 0 6 13
5 1 0 0 6 13
5 1 0 0 6 13
5 1 0 0 6 14
5 1 0 0 6 13
5 1 0 0 6 13
5 1 0 0 6 13
5 1 0 0 6 13
5 1 0 0 6 13
5 1 0 0 6 13
5 1 0 0 6 13
5 1 0 0 6 13
5 1 0 0 6 13
5 1 0 0 6 13
5 1 0 0 6 13
5 1 0 0 6 13
5 1 0 0 6 13
5 1 0 0 6 13
5 1 0 0 6 13
5 1 0 0 6 13
5 1 0 0 6 13
5 1 0 0 6 13
5 1 0 0 6 13
5 1 0 0 6 13
5 1 0 0 6 13
5 1 0 0 6 13
5 1 0 0 6 13
5 1 0 0 6 13
5 1 0 0 6 13
5 1 0 0 6 13
5 1 0 0 6 13
5 1 0 0 6 13
5 1 0 0 6 13
5 1 0 0 6 13
5 1 0 0 6 13
5 1 0 0 6 13
5 1 0 0 6 13
5 1 0 0 6 13
5 1 0 0 6 13
5 1 0 0 6 13
5 1 0 0 6 13
5 1 0 0 6 13
5 1 0 0 6 13
5 1 0 0 6 13
5 1 0 0 7 14
5 1 0 0 6 14
5 1 0 0 7 15
5 1 0 0 6 14
5 1 0 0 6 13
5 1 0 0 6 14
5 1 0 0 6 13
5 1 0 0 6 13
5 1 0 0 6 13
5 1 0 0 6 13
5 1 0 0 6 13
5 1 0 0 6 13
5 1 0 0 6 13
5 1 0 0 6 13
5 1 0 0 6 13
11 1 0 0 6 20
5 1 0 0 6 13
5 1 0 0 6 13
5 1 0 0 6 13
5 1 0 0 6 13
5 1 0 0 6 13
5 1 0 0 6 13
5 1 0 0 6 13
5 1 0 0 6 13
5 1 0 0 6 13
5 1 0 0 6 13
5 1 0 0 6 13
5 1 0 0 6 13
5 1 0 0 6 13
5 1 0 0 6 13
5 1 0 0 6 13
5 1 0 0 6 13
5 1 0 0 6 13
5 1 0 0 6 13
5 1 0 0 6 13
5 1 0 0 6 13
5 1 0 0 6 13
5 1 0 0 6 13
5 1 0 0 6 13
5 1 0 0 6 13
5 1 0 0 6 13
5 1 0 0 6 13
5 1 0 0 6 13
5 1 0 0 6 13
5 1 0 0 6 13
5 1 0 0 6 13
5 1 0 0 6 13
5 1 0 0 6 13
5 1 0 0 6 13
5 1 0 0 6 13
5 1 0 0 7 14
5 1 0 0 6 13
5 1 0 0 6 13
5 1 0 0 6 13
5 1 0 0 6 13
5 1 0 0 6 13
5 1 0 0 6 13
5 1 0 0 6 13
5 1 0 0 6 13
5 1 0 0 6 13
5 1 0 0 6 13
5 1 0 0 6 13
5 1 0 0 6 13
5 1 0 0 6 13
5 1 0 0 6 13
5 1 0 0 6 13
5 1 0 0 6 13
5 1 0 0 6 13
5 1 0 0 6 13
5 1 0 0 6 13
5 1 0 0 6 13
5 1 0 0 6 13
5 1 0 0 6 13
5 1 0 0 6 13
5 1 0 0 6 13
5 1 0 0 6 13
5 1 0 0 6 13
5 1 0 0 6 13
5 1 0 0 6 13
5 1 0 0 6 13
5 1 0 0 6 13
5 1 0 0 6 13
5 1 0 0 6 13
5 1 0 0 6 13
5 1 0 0 6 13
5 1 0 0 6 13
5 1 0 0 6 14
5 1 0 0 6 13
5 1 0 0 6 13
5 1 0 0 6 13
5 1 0 0 6 13
5 1 0 0 6 13
5 1 0 0 6 13
5 1 0 0 6 13
5 1 0 0 6 13
5 1 0 0 7 14
5 1 0 0 6 13
5 1 0 0 6 13
5 1 0 0 6 13
5 1 0 0 6 13
5 1 0 0 6 13
5 1 0 0 6 13
5 1 0 0 6 13
5 1 0 0 6 13
5 1 0 0 6 13
5 1 0 0 6 13
5 1 0 0 6 13
5 1 0 0 6 13
5 1 0 0 6 13
5 1 0 0 6 13
5 1 0 0 6 13
5 1 0 0 6 13
5 1 0 0 6 13
5 1 0 0 6 13
5 1 0 0 6 13
5 1 0 0 6 13
5 1 0 0 6 13
5 1 0 0 6 13
5 1 0 0 6 13
5 1 0 0 6 13
5 1 0 0 6 13
5 1 0 0 6 13
5 1 0 0 6 13
5 1 0 0 6 13
5 1 0 0 6 13
5 1 0 0 6 13
5 1 0 0 6 13
5 1 0 0 6 13
5 1 0 0 6 13
5 1 0 0 8 15
5 1 0 0 6 13
5 1 0 0 6 13
5 1 0 0 6 13
5 1 0 0 5 12
5 1 0 0 6 13
5 1 0 0 6 13
5 1 0 0 13 20
5 1 0 0 6 13
5 1 0 0 6 13
5 1 0 0 6 13
5 1 0 0 6 13
5 1 0 0 6 13
5 1 0 0 6 13
5 1 0 0 6 13
5 1 0 0 6 13
5 1 0 0 6 13
5 1 0 0 6 13
5 1 0 0 6 13
5 1 0 0 6 13
5 1 0 0 6 13
5 1 0 0 6 13
5 1 0 0 6 13
5 1 0 0 6 13
5 1 0 0 6 13
5 1 0 0 6 13
5 1 0 0 6 13
5 1 0 0 6 13
5 1 0 0 6 13
5 1 0 0 6 13
5 1 0 0 6 13
5 1 0 0 6 13
5 1 0 0 6 13
5 1 0 0 6 13
5 1 0 0 6 13
5 1 0 0 6 13
5 1 0 0 6 13
5 1 0 0 6 13
5 1 0 0 6 13
5 1 0 0 6 13
5 1 0 0 6 13
5 1 0 0 6 13
5 1 0 0 6 13
5 1 0 0 6 13
5 1 0 0 6 13
5 1 0 0 6 13
5 1 0 0 6 13
5 1 0 0 6 13
5 1 0 0 6 13
5 1 0 0 6 13
5 1 0 0 6 13
5 1 0 0 6 13
5 1 0 0 6 13
5 1 0 0 6 13
5 1 0 0 6 13
5 1 0 0 6 13
5 1 0 0 6 13
5 1 0 0 6 13
5 1 0 0 6 13
5 1 0 0 6 13
5 1 0 0 6 13
5 1 0 0 6 13
5 1 0 0 6 13
5 1 0 0 6 13
5 1 0 0 6 13
5 1 0 0 6 13
5 1 0 0 6 13
5 1 0 0 6 13
5 1 0 0 6 13
5 1 0 0 6 13
5 1 0 0 6 13
5 1 0 0 6 13
5 1 0 0 6 13
5 1 0 0 6 13
5 1 0 0 6 13
5 1 0 0 6 13
5 1 0 0 6 13
5 1 0 0 6 13
5 1 0 0 6 13
5 1 0 0 6 13
5 1 0 0 6 13
5 1 0 0 6 13
5 1 0 0 6 13
5 1 0 0 6 13
5 1 0 0 6 13
5 1 0 0 6 13
5 1 0 0 6 13
5 1 0 0 6 13
5 1 0 0 6 13
5 1 0 0 6 13
5 1 0 0 6 13
5 1 0 0 6 13
5 1 0 0 6 13
5 1 0 0 6 13
5 1 0 0 5 12
5 1 0 0 6 13
5 1 0 0 6 13
5 1 0 0 6 13
5 1 0 0 6 13
5 1 0 0 6 13
5 1 0 0 6 13
5 1 0 0 6 13
5 1 0 0 6 13
5 1 0 0 6 13
5 1 0 0 6 13
5 1 0 0 13 20
5 1 0 0 6 13
5 1 0 0 6 13
5 1 0 0 6 13
5 1 0 0 6 13
5 1 0 0 6 13
5 1 0 0 6 13
5 1 0 0 6 13
5 1 0 0 6 13
5 1 0 0 6 13
5 1 0 0 6 13
5 1 0 0 6 13
5 1 0 0 6 13
5 1 0 0 6 13
5 1 0 0 6 13
5 1 0 0 6 13
5 1 0 0 6 13
5 1 0 0 6 13
5 1 0 0 6 13
5 1 0 0 6 13
5 1 0 0 6 13
5 1 0 0 6 13
5 1 0 0 6 13
5 1 0 0 6 13
5 1 0 0 6 13
5 1 0 0 6 13
5 1 0 0 6 13
5 1 0 0 6 13
5 1 0 0 6 13
5 1 0 0 6 13
5 1 0 0 6 13
5 1 0 0 6 13
5 1 0 0 6 13
5 1 0 0 6 13
5 1 0 0 6 13
5 1 0 0 6 13
5 1 0 0 6 13
5 1 0 0 6 13
5 1 0 0 6 13
5 1 0 0 6 13
5 1 0 0 6 13
5 1 0 0 6 13
5 1 0 0 6 13
5 1 0 0 6 13
5 1 0 0 6 13
5 1 0 0 6 13
5 1 0 0 6 13
5 1 0 0 6 13
5 1 0 0 6 13
5 1 0 0 6 14
5 1 0 0 6 13
5 1 0 0 6 13
5 1 0 0 6 13
5 1 0 0 6 13
5 1 0 0 6 13
5 1 0 0 6 13
5 1 0 0 6 13
5 1 0 0 6 13
5 1 0 0 6 13
5 1 0 0 6 13
5 1 0 0 6 13
5 1 0 0 6 13
5 1 0 0 6 13
5 1 0 0 6 13
5 1 0 0 6 13
5 1 0 0 6 13
5 1 0 0 6 13
5 1 0 0 6 13
5 1 0 0 6 13
5 1 0 0 6 13
5 1 0 0 6 13
5 1 0 0 6 13
5 1 0 0 12 20
5 1 0 0 6 13
5 1 0 0 6 13
5 1 0 0 6 13
5 1 0 0 6 13
5 1 0 0 6 13
5 1 0 0 6 13
5 1 0 0 6 13
5 1 0 0 6 13
5 1 0 0 6 13
5 1 0 0 6 13
5 1 0 0 6 13
5 1 0 0 6 13
5 1 0 0 6 14
5 1 0 0 6 13
5 1 0 0 6 13
5 1 0 0 6 13
5 1 0 0 6 13
5 1 0 0 6 13
5 1 0 0 6 13
5 1 0 0 6 13
5 1 0 0 6 13
5 1 0 0 6 13
5 1 0 0 6 13
5 1 0 0 6 13
5 1 0 0 6 13
5 1 0 0 6 13
5 1 0 0 6 13
5 1 0 0 6 13
5 1 0 0 6 13
5 1 0 0 6 13
5 1 0 0 6 13
5 1 0 0 6 13
5 1 0 0 6 13
5 1 0 0 6 13
5 1 0 0 6 13
5 1 0 0 6 13
5 1 0 0 6 13
5 1 0 0 6 13
5 1 0 0 6 13
5 1 0 0 6 13
12 1 0 0 6 20
5 1 0 0 6 13
5 1 0 0 6 13
5 1 0 0 6 13
5 1 0 0 6 13
5 1 0 0 6 13
5 1 0 0 6 13
5 1 0 0 6 13
5 1 0 0 6 13
5 1 0 0 6 13
5 1 0 0 6 13
5 1 0 0 6 13
5 1 0 0 6 13
5 1 0 0 6 13
5 1 0 0 6 13
5 1 0 0 6 13
5 1 0 0 6 13
5 1 0 0 6 13
5 1 0 0 6 13
5 1 0 0 6 13
5 1 0 0 6 13
5 1 0 0 6 13
5 1 0 0 6 13
5 1 0 0 6 13
5 1 0 0 6 13
5 1 0 0 6 13
5 1 0 0 6 13
5 1 0 0 6 13
5 1 0 0 6 13
5 1 0 0 6 13
5 1 0 0 6 13
5 1 0 0 6 13
5 1 0 0 6 13
5 1 0 0 6 14
5 1 0 0 6 13
5 1 0 0 6 13
5 1 0 0 6 13
5 1 0 0 6 13
5 1 0 0 6 13
5 1 0 0 6 13
5 1 0 0 6 13
5 1 0 0 6 13
5 1 0 0 6 13
5 1 0 0 6 13
5 1 0 0 6 14
5 1 0 0 6 13
5 1 0 0 6 13
5 1 0 0 6 13
5 1 0 0 6 13
5 1 0 0 6 14
5 1 0 0 6 13
5 1 0 0 6 13
5 1 0 0 6 13
5 1 0 0 6 14
5 1 0 0 6 13
5 1 0 0 6 13
5 1 0 0 6 13
5 1 0 0 6 13
5 1 0 0 6 13
5 1 0 0 6 13
5 1 0 0 6 13
5 1 0 0 6 13
5 1 0 0 6 13
5 1 0 0 6 13
5 1 0 0 6 13
5 1 0 0 6 13
5 1 0 0 6 13
5 1 0 0 6 13
5 1 0 0 6 13
5 1 0 0 6 13
5 1 0 0 6 13
5 1 0 0 6 13
5 1 0 0 6 13
5 1 0 0 6 13
5 1 0 0 6 13
5 1 0 0 6 13
5 1 0 0 6 13
5 1 0 0 6 13
5 1 0 0 6 13
5 1 0 0 6 13
5 1 0 0 6 13
5 1 0 0 6 13
5 1 0 0 6 13
5 1 0 0 6 13
5 1 0 0 6 13
5 1 0 0 6 13
5 1 0 0 5 12
5 1 0 0 6 13
5 1 0 0 6 13
5 1 0 0 6 13
5 1 0 0 6 13
5 1 0 0 13 20
5 1 0 0 6 13
5 1 0 0 6 13
5 1 0 0 6 13
5 1 0 0 6 13
5 1 0 0 6 13
5 1 0 0 6 13
5 1 0 0 6 13
5 1 0 0 6 13
5 1 0 0 13 20
5 1 0 0 6 13
5 1 0 0 6 13
5 1 0 0 6 13
5 1 0 0 6 13
5 1 0 0 6 13
5 1 0 0 6 13
5 1 0 0 6 13
5 1 0 0 6 13
5 1 0 0 6 13
5 1 0 0 13 20
5 1 0 0 6 13
5 1 0 0 6 13
5 1 0 0 6 13
5 1 0 0 6 13
5 1 0 0 6 13
5 1 0 0 6 13
5 1 0 0 6 13
5 1 0 0 6 13
5 1 0 0 6 13
5 1 0 0 6 13
5 1 0 0 6 13
5 1 0 0 6 13
5 1 0 0 13 20
5 1 0 0 6 13
5 1 0 0 6 13
5 1 0 0 6 13
5 1 0 0 6 13
5 1 0 0 6 13
5 1 0 0 6 13
5 1 0 0 6 13
5 1 0 0 6 13
5 1 0 0 6 13
5 1 0 0 6 13
5 1 0 0 6 13
5 1 0 0 6 13
5 1 0 0 6 13
5 1 0 0 6 13
5 1 0 0 6 13
5 1 0 0 6 13
5 1 0 0 6 13
5 1 0 0 6 13
5 1 0 0 6 13
5 1 0 0 6 13
5 1 0 0 6 13
5 1 0 0 6 13
5 1 0 0 6 13
5 1 0 0 6 13
5 1 0 0 6 13
5 1 0 0 6 13
5 1 0 0 13 20
5 1 0 0 6 13
5 1 0 0 6 13
5 1 0 0 6 13
5 1 0 0 6 13
5 1 0 0 6 13
5 1 0 0 6 13
5 1 0 0 6 13
5 1 0 0 6 13
5 1 0 0 6 13
5 1 0 0 6 13
5 1 0 0 6 13
5 1 0 0 6 13
5 1 0 0 6 13
5 1 0 0 6 13
5 1 0 0 6 13
5 1 0 0 6 13
5 1 0 0 6 13
5 1 0 0 6 13
5 1 0 0 6 13
5 1 0 0 6 13
5 1 0 0 6 13
5 1 0 0 6 13
5 1 0 0 6 13
5 1 0 0 6 13
5 1 0 0 6 13
5 1 0 0 6 13
5 1 0 0 6 13
5 1 0 0 6 13
5 1 0 0 6 13
5 1 0 0 6 13
5 1 0 0 6 13
5 1 0 0 6 13
5 1 0 0 13 20
5 1 0 0 6 13
5 1 0 0 6 13
5 1 0 0 6 13
5 1 0 0 6 13
5 1 0 0 6 13
5 1 0 0 5 12
5 1 0 0 6 13
5 1 0 0 6 13
5 1 0 0 6 13
5 1 0 0 6 13
5 1 0 0 6 13
5 1 0 0 6 13
5 1 0 0 6 13
5 1 0 0 6 13
5 1 0 0 6 13
5 1 0 0 6 13
5 1 0 0 6 13
5 1 0 0 6 14
5 1 0 0 6 13
5 1 0 0 6 13
5 1 0 0 6 13
5 1 0 0 13 20
5 1 0 0 6 13
5 1 0 0 6 13
5 1 0 0 13 20
5 1 0 0 6 13
5 1 0 0 6 13
5 1 0 0 6 13
11 1 0 0 6 20
5 1 0 0 6 13
5 1 0 0 6 13
5 1 0 0 6 13
5 1 0 0 6 13
5 1 0 0 6 13
5 1 0 0 6 13
5 1 0 0 6 13
6 2 0 0 11 22
5 2 0 0 10 19
5 2 0 0 8 17
5 1 0 0 6 14
5 1 0 0 6 13
5 1 0 0 6 13
5 1 0 0 6 13
5 1 0 0 6 13
5 1 0 0 6 13
5 1 0 0 6 13
5 1 0 0 6 13
5 1 0 0 6 13
5 1 0 0 6 13
5 1 0 0 6 13
5 1 0 0 6 13
5 1 0 0 6 13
5 1 0 0 6 13
5 1 0 0 6 13
5 1 0 0 6 13
5 1 0 0 6 13
5 1 0 0 6 13
5 1 0 0 6 13
5 1 0 0 6 13
5 1 0 0 6 13
5 1 0 0 6 13
5 1 0 0 6 13
5 1 0 0 6 13
5 1 0 0 6 13
5 1 0 0 6 13
5 1 0 0 6 14
5 1 0 0 6 14
5 1 0 0 6 13
5 1 0 0 6 14
5 1 0 0 7 15
5 1 0 0 7 15
5 1 0 0 6 14
5 1 0 0 6 14
5 1 0 0 6 13
5 1 0 0 6 13
5 1 0 0 6 13
5 1 0 0 6 13
5 1 0 0 6 13
5 1 0 0 6 13
5 1 0 0 6 13
5 1 0 0 6 13
5 1 0 0 6 13
5 1 0 0 6 13
5 1 0 0 6 13
5 1 0 0 6 14
5 1 0 0 6 13
5 1 0 0 6 13
5 1 0 0 13 20
5 1 0 0 6 13
5 1 0 0 6 13
5 1 0 0 6 13
5 1 0 0 6 13
5 1 0 0 6 13
5 1 0 0 7 14
5 1 0 0 5 13
5 1 0 0 5 13
5 1 0 0 6 13
5 1 0 0 6 13
5 1 0 0 6 13
5 1 0 0 6 13
5 1 0 0 6 13
5 1 0 0 6 14
5 1 0 0 6 13
5 1 0 0 6 13
5 1 0 0 6 14
5 1 0 0 6 13
5 1 0 0 6 13
5 1 0 0 6 14
5 1 0 0 6 13
5 1 0 0 6 14
5 1 0 0 6 13
5 1 0 0 6 13
5 1 0 0 6 13
5 1 0 0 6 13
5 1 0 0 6 13
5 1 0 0 6 13
5 1 0 0 6 13
5 1 0 0 6 13
5 1 0 0 6 13
5 1 0 0 6 13
5 1 0 0 6 13
5 1 0 0 6 13
5 1 0 0 6 13
5 1 0 0 6 13
5 1 0 0 6 13
5 1 0 0 6 13
5 1 0 0 6 13
5 1 0 0 6 13
5 1 0 0 6 13
5 1 0 0 6 13
5 1 0 0 6 13
5 1 0 0 6 13
5 1 0 0 6 13
5 1 0 0 6 13
5 1 0 0 6 13
5 1 0 0 13 20
5 1 0 0 6 13
5 1 0 0 6 13
5 1 0 0 6 13
5 1 0 0 6 13
5 1 0 0 6 13
5 1 0 0 6 13
5 1 0 0 6 13
5 1 0 0 6 13
5 1 0 0 6 13
5 1 0 0 6 13
5 1 0 0 6 13
5 1 0 0 6 13
5 1 0 0 6 13
5 1 0 0 6 13
5 1 0 0 6 13
5 1 0 0 6 13
5 1 0 0 6 13
5 1 0 0 6 13
5 1 0 0 6 13
5 1 0 0 6 13
5 1 0 0 6 13
5 1 0 0 6 13
5 1 0 0 6 13
5 1 0 0 6 13
5 1 0 0 6 13
5 1 0 0 6 13
5 1 0 0 6 13
5 1 0 0 6 13
5 1 0 0 6 13
5 1 0 0 6 13
5 1 0 0 6 13
5 1 0 0 6 13
5 1 0 0 6 13
5 1 0 0 6 13
5 1 0 0 6 13
5 1 0 0 6 13
5 1 0 0 6 14
5 1 0 0 6 14
5 1 0 0 6 13
5 1 0 0 6 13
5 1 0 0 6 13
5 1 0 0 6 13
5 1 0 0 6 13
5 1 0 0 6 13
5 1 0 0 6 13
5 1 0 0 6 13
5 1 0 0 6 13
5 1 0 0 6 13
5 1 0 0 6 13
5 1 0 0 6 13
5 1 0 0 6 13
5 1 0 0 6 13
5 1 0 0 6 13
5 1 0 0 6 13
5 1 0 0 6 13
5 1 0 0 6 13
5 1 0 0 6 13
5 1 0 0 6 13
5 1 0 0 6 13
5 1 0 0 6 13
5 1 0 0 6 13
5 1 0 0 6 13
5 1 0 0 6 15
5 1 0 0 6 14
5 1 0 0 6 14
5 1 0 0 6 13
5 1 0 0 6 13
5 1 0 0 6 13
5 1 0 0 6 13
5 1 0 0 6 13
5 1 0 0 6 13
5 1 0 0 6 14
5 1 0 0 5 12
5 1 0 0 6 13
5 1 0 0 6 13
5 1 0 0 6 13
5 1 0 0 6 13
5 1 0 0 6 13
5 1 0 0 6 13
5 1 0 0 6 13
5 1 0 0 6 13
5 1 0 0 6 13
5 1 0 0 6 13
5 1 0 0 6 13
12 1 0 0 6 20
5 1 0 0 6 13
5 1 0 0 6 13
5 1 6 0 6 20
5 1 0 0 6 13
5 1 0 0 6 13
5 1 0 0 6 13
5 1 0 0 6 13
5 1 0 0 6 13
5 1 0 0 6 13
5 1 0 0 6 13
5 1 0 0 6 13
5 1 0 0 6 13
5 1 0 0 6 13
5 1 0 0 6 13
7 1 0 0 6 15
5 1 0 0 6 13
5 1 0 0 6 13
5 1 0 0 6 13
5 1 0 0 6 13
5 1 0 0 6 13
5 1 0 0 6 13
5 1 0 0 6 13
5 1 0 0 6 13
5 1 0 0 6 13
5 1 0 0 6 13
5 1 0 0 6 13
5 1 0 0 6 13
5 1 0 0 6 13
5 1 0 0 6 13
5 1 0 0 6 13
5 1 0 0 6 13
5 1 0 0 13 20
5 1 0 0 6 13
5 1 0 0 6 13
5 1 0 0 6 13
5 1 0 0 6 13
5 1 0 0 6 13
5 1 0 0 6 13
5 1 0 0 6 13
5 1 0 0 6 13
5 1 0 0 6 13
5 1 0 0 6 13
5 1 0 0 6 13
5 1 0 0 6 13
5 1 0 0 6 13
5 1 0 0 6 13
5 1 0 0 6 13
5 1 0 0 6 13
5 1 0 0 6 13
5 1 0 0 6 13
5 1 0 0 6 13
5 1 0 0 6 13
5 1 0 0 6 13
5 1 0 0 6 13
5 1 0 0 6 13
5 1 0 0 6 13
5 1 0 0 6 13
5 1 0 0 6 13
5 1 0 0 6 13
5 1 0 0 6 13
5 1 0 0 6 13
5 1 0 0 6 13
5 1 0 0 6 13
5 1 0 0 6 13
5 1 0 0 6 13
5 1 0 0 6 13
5 1 0 0 6 13
5 1 0 0 6 13
5 1 0 0 6 13
5 1 0 0 6 13
5 1 0 0 6 13
5 1 0 0 6 13
5 1 0 0 6 13
5 1 0 0 13 20
5 1 0 0 6 13
5 1 0 0 6 13
5 1 0 0 6 13
5 1 0 0 6 13
5 1 0 0 6 13
5 1 0 0 6 13
5 1 0 0 5 13
5 1 0 0 6 13
5 1 0 0 6 13
5 1 0 0 6 13
5 1 0 0 6 13
5 1 0 0 6 13
5 1 0 0 6 13
5 1 0 0 6 13
5 1 0 0 6 13
5 1 0 0 6 13
5 1 0 0 6 14
5 1 0 0 6 13
5 1 0 0 6 13
5 1 0 0 13 20
5 1 0 0 6 13
5 1 0 0 6 13
5 1 0 0 6 13
5 1 0 0 6 13
12 1 0 0 6 20
5 1 0 0 6 14
5 1 0 0 6 13
5 1 0 0 6 13
5 1 0 0 6 13
5 1 0 0 6 13
5 1 0 0 6 13
5 1 0 0 6 13
5 1 0 0 6 13
5 1 0 0 6 13
5 1 0 0 6 13
5 1 0 0 6 13
5 1 0 0 6 13
5 1 0 0 6 13
5 1 0 0 6 13
5 1 0 0 6 13
5 1 0 0 6 13
5 1 0 0 6 13
5 1 0 0 6 13
5 1 0 0 6 13
5 1 0 0 6 13
5 1 0 0 6 13
5 1 0 0 6 13
5 1 0 0 6 13
5 1 0 0 6 13
5 1 0 0 6 13
5 1 0 0 6 14
5 1 0 0 6 13
5 1 0 0 6 13
5 1 0 0 6 13
5 1 0 0 6 13
5 1 0 0 6 13
5 1 0 0 6 13
5 1 0 0 6 13
5 1 0 0 6 13
5 1 0 0 6 13
5 1 0 0 13 20
5 1 0 0 6 13
5 1 0 0 6 13
5 1 0 0 6 13
5 1 0 0 6 13
5 1 0 0 6 13
5 1 0 0 6 13
5 1 0 0 6 13
5 1 0 0 6 13
5 1 0 0 6 13
5 1 0 0 6 13
5 1 0 0 6 13
5 1 0 0 6 13
5 1 0 0 6 13
5 1 0 0 6 13
5 1 0 0 6 13
5 1 0 0 6 13
5 1 0 0 6 13
5 1 0 0 6 13
5 1 0 0 6 13
5 1 0 0 6 14
5 1 0 0 6 14
5 1 0 0 6 13
5 1 0 0 6 13
5 1 0 0 6 13
5 1 0 0 6 13
5 1 0 0 6 13
5 1 0 0 6 13
5 1 0 0 6 13
5 1 0 0 6 13
5 1 0 0 6 13
5 1 0 0 6 13
5 1 0 0 6 13
5 1 0 0 6 13
5 1 0 0 6 13
5 1 0 0 6 13
5 1 0 0 6 13
5 1 0 0 6 13
5 1 0 0 6 13
5 1 0 0 6 13
5 1 0 0 6 13
5 1 0 0 6 13
5 1 0 0 6 13
5 1 0 0 6 13
5 1 0 0 5 13
5 1 0 0 6 13
5 1 0 0 6 13
5 1 0 0 6 13
5 1 0 0 6 13
5 1 0 0 6 13
5 1 0 0 6 13
5 1 0 0 6 13
5 1 0 0 5 12
5 1 0 0 6 13
5 1 0 0 6 13
5 1 0 0 6 13
5 1 0 0 6 13
5 1 0 0 6 13
5 1 0 0 6 13
5 1 0 0 6 13
5 1 0 0 6 13
5 1 0 0 6 13
5 1 0 0 6 13
5 1 0 0 6 13
5 1 0 0 6 13
5 1 0 0 5 13
5 1 0 0 6 13
5 1 0 0 6 13
5 1 0 0 6 13
5 1 0 0 6 13
5 1 0 0 6 13
5 1 0 0 6 13
5 1 0 0 6 14
5 1 0 0 6 13
5 1 0 0 6 13
5 1 0 0 6 13
5 1 0 0 6 13
5 1 0 0 6 13
5 1 0 0 6 13
5 1 0 0 6 13
5 1 0 0 6 13
5 1 0 0 6 13
5 1 0 0 6 13
5 1 0 0 6 13
5 1 0 0 6 13
5 1 0 0 6 13
5 1 0 0 6 13
5 1 0 0 6 13
5 1 0 0 6 13
5 1 0 0 6 13
5 1 0 0 6 13
5 1 0 0 6 13
5 1 0 0 6 13
5 1 0 0 5 13
5 1 0 0 6 13
5 1 0 0 6 13
5 1 0 0 6 13
5 1 0 0 6 13
5 1 0 0 6 13
5 1 0 0 6 13
5 1 0 0 6 13
5 1 0 0 6 13
5 1 0 0 6 13
5 1 0 0 6 13
5 1 0 0 6 13
5 1 0 0 6 13
5 1 0 0 6 13
5 1 0 0 6 13
5 1 0 0 6 14
5 1 0 0 6 13
5 1 0 0 6 13
5 1 0 0 6 13
5 1 0 0 6 13
5 1 0 0 6 13
5 1 0 0 6 13
5 1 0 0 6 13
5 1 0 0 6 13
5 1 0 0 6 13
5 1 0 0 6 13
5 1 0 0 6 13
5 1 0 0 6 13
5 1 0 0 6 13
5 1 0 0 6 13
5 1 0 0 6 13
5 1 0 0 6 13
5 1 0 0 6 13
5 1 0 0 6 13
5 1 0 0 6 14
5 1 0 0 6 13
5 1 0 0 6 13
5 1 0 0 6 13
5 1 0 0 6 14
5 1 0 0 6 13
5 1 0 0 6 13
5 1 0 0 6 13
5 1 0 0 6 13
5 1 0 0 6 13
5 1 0 0 6 13
5 1 0 0 6 13
5 1 0 0 12 20
5 1 0 0 6 13
5 1 0 0 6 13
5 1 0 0 6 13
5 1 0 0 6 13
5 1 0 0 6 13
5 1 0 0 6 13
5 1 0 0 6 13
5 1 0 0 6 13
5 1 0 0 6 13
5 1 0 0 6 13
5 1 0 0 6 13
5 1 0 0 6 13
5 1 0 0 6 13
5 1 0 0 6 13
5 1 0 0 6 13
5 1 0 0 6 13
5 1 0 0 13 20
5 1 0 0 6 13
5 1 0 0 6 13
5 1 0 0 6 13
5 1 0 0 6 13
5 1 0 0 6 13
5 1 0 0 6 13
5 1 0 0 6 13
5 1 0 0 6 13
5 1 0 0 6 13
5 1 0 0 6 13
5 1 0 0 6 13
5 1 0 0 6 13
5 1 0 0 6 13
5 1 0 0 6 13
5 1 0 0 6 13
5 1 0 0 6 13
5 1 0 0 6 13
5 1 0 0 6 13
5 1 0 0 6 13
5 1 0 0 6 13
5 1 0 0 6 13
5 1 0 0 6 13
5 1 0 0 6 13
5 1 0 0 6 13
5 1 0 0 6 13
5 1 0 0 6 13
5 1 0 0 6 13
5 1 0 0 6 13
5 1 0 0 6 13
5 1 0 0 6 13
5 1 0 0 6 13
5 1 0 0 6 13
5 1 0 0 6 13
5 1 0 0 6 13
5 1 0 0 6 13
5 1 0 0 6 13
5 1 0 0 6 13
5 1 0 0 6 13
5 1 0 0 6 13
5 1 0 0 6 13
5 1 0 0 6 13
5 1 0 0 6 13
5 1 0 0 6 13
5 1 0 0 6 13
5 1 0 0 6 13
5 1 0 0 13 20
5 1 0 0 6 13
5 1 0 0 6 13
5 1 0 0 6 13
5 1 0 0 6 13
5 1 0 0 6 13
5 1 0 0 6 13
5 1 0 0 6 13
5 1 0 0 6 13
5 1 0 0 6 13
5 1 0 0 6 13
5 1 0 0 6 13
5 1 0 0 6 13
5 1 0 0 6 13
5 1 0 0 6 13
5 1 0 0 6 13
5 1 0 0 6 13
5 1 0 0 6 13
5 1 0 0 6 13
5 1 0 0 6 13
5 1 0 0 6 13
5 1 0 0 6 13
5 1 0 0 6 13
5 1 0 0 6 13
5 1 0 0 6 13
5 1 0 0 6 13
5 1 0 0 6 13
5 1 0 0 6 13
5 1 0 0 6 13
5 1 0 0 6 13
5 1 0 0 6 13
5 1 0 0 6 13
5 1 0 0 6 13
5 1 0 0 6 13
5 1 0 0 6 13
5 1 0 0 6 13
5 1 0 0 6 13
5 1 0 0 6 14
5 1 0 0 6 13
5 1 0 0 6 14
5 1 0 0 6 13
5 1 0 0 6 13
5 1 0 0 6 13
5 1 0 0 6 13
5 1 0 0 6 13
5 1 0 0 6 13
5 1 0 0 6 13
5 1 0 0 6 13
5 1 0 0 6 13
5 1 0 0 6 13
5 1 0 0 6 13
5 1 0 0 6 13
5 1 0 0 6 13
5 1 0 0 6 13
5 1 0 0 6 13
5 1 0 0 6 13
5 1 0 0 6 13
5 1 0 0 6 13
5 1 0 0 6 13
5 1 0 0 6 13
5 1 0 0 6 13
5 1 0 0 13 20
5 1 0 0 6 13
5 1 0 0 6 13
5 1 0 0 6 13
5 1 0 0 6 13
5 1 0 0 6 13
5 1 0 0 6 13
5 1 0 0 6 13
5 1 0 0 6 13
5 1 0 0 6 13
5 1 0 0 6 13
5 1 0 0 6 13
5 1 0 0 6 13
5 1 0 0 6 13
5 1 0 0 6 13
5 1 0 0 6 13
5 1 0 0 6 13
5 1 0 0 6 13
5 1 0 0 6 13
5 1 0 0 6 13
5 1 0 0 6 13
5 1 0 0 6 13
5 1 0 0 5 13
5 1 0 0 6 13
5 1 0 0 6 13
5 1 0 0 6 13
5 1 0 0 6 13
5 1 0 0 6 13
5 1 0 0 6 13
5 1 0 0 6 13
5 1 0 0 6 13
5 1 0 0 6 13
5 1 0 2 6 15
5 1 0 0 6 13
5 1 0 0 6 13
5 1 0 0 6 13
5 1 0 0 6 13
5 1 0 0 6 13
5 1 0 0 6 14
5 1 0 0 6 13
5 1 0 0 6 13
5 1 0 0 6 13
5 1 0 0 6 13
5 1 0 0 6 13
5 1 0 0 6 13
5 1 0 0 6 13
5 1 0 0 6 13
5 1 0 0 12 20
5 1 0 0 6 14
5 1 0 0 6 13
5 1 0 0 6 13
5 1 0 0 13 20
5 1 0 0 6 13
5 1 0 0 6 13
5 1 0 0 6 13
5 1 0 0 6 13
5 1 0 0 6 14
5 1 0 0 6 15
5 1 0 0 7 16
5 1 0 0 6 14
5 1 0 0 7 14
6 1 0 0 8 17
5 1 0 0 6 13
5 1 0 0 6 13
5 1 0 0 6 13
5 1 0 0 6 13
5 1 0 0 6 13
5 1 0 0 6 13
5 1 0 0 6 13
5 1 0 0 6 13
5 1 0 0 6 13
5 1 0 0 6 13
5 1 0 0 6 13
5 1 0 0 6 13
5 1 0 0 6 13
5 1 0 0 6 13
5 1 0 0 6 13
5 1 0 0 6 13
5 1 0 0 6 13
5 1 0 0 6 14
5 1 0 0 6 14
5 1 0 0 6 14
5 1 0 0 6 13
5 1 0 0 6 13
5 1 0 0 6 13
5 1 0 0 6 13
5 1 0 0 6 13
5 1 0 0 6 13
5 1 0 0 6 13
5 1 0 0 6 13
5 1 0 0 6 13
5 1 0 0 6 13
5 1 0 0 6 13
5 1 0 0 6 13
5 1 0 0 6 13
5 1 0 0 6 13
5 1 0 0 6 13
5 1 0 0 5 13
5 1 0 0 6 13
5 1 0 0 6 13
5 1 0 0 6 13
5 1 0 0 6 13
5 1 0 0 6 13
5 1 0 0 6 13
5 1 0 0 6 13
5 1 0 0 6 13
5 1 0 0 6 13
5 1 0 0 6 13
5 1 0 0 6 13
5 1 0 0 6 13
5 1 0 0 6 13
5 1 0 0 6 13
5 1 0 0 6 13
5 1 0 0 6 13
5 1 0 0 6 13
5 1 0 0 6 13
5 1 0 0 6 14
5 1 0 0 6 13
5 1 0 0 6 14
5 1 0 0 6 13
5 1 0 0 6 13
5 1 0 0 6 13
5 1 0 0 6 13
5 1 0 0 6 13
5 1 0 0 6 13
5 1 0 0 6 13
5 1 0 0 6 13
5 1 0 0 6 13
5 1 0 0 6 13
5 1 0 0 6 13
5 1 0 0 6 13
5 1 0 0 6 13
5 1 0 0 6 13
5 1 0 0 6 13
5 1 0 0 6 13
5 1 0 0 6 13
5 1 0 0 6 13
5 1 0 0 6 13
5 1 0 0 6 13
5 1 0 0 6 13
5 1 0 0 6 13
5 1 0 0 6 13
5 1 0 0 6 13
5 1 0 0 6 13
5 1 0 0 6 13
5 1 0 0 6 13
5 1 0 0 6 13
5 1 0 0 6 13
5 1 0 0 6 13
5 1 0 0 6 13
5 1 0 0 6 13
5 1 0 0 6 13
5 1 0 0 6 13
5 1 0 0 6 13
5 1 0 0 6 13
5 1 0 0 6 13
5 1 0 0 6 13
5 1 0 0 6 13
5 1 0 0 6 13
5 1 0 0 6 13
5 1 0 0 6 13
5 1 0 0 6 13
5 1 0 0 6 13
5 1 0 0 6 13
5 1 0 0 6 13
5 1 0 0 13 20
5 1 0 0 6 13
5 1 0 0 6 13
5 1 0 0 6 13
5 1 0 0 6 13
5 1 0 0 6 13
5 1 0 0 6 13
5 1 0 0 6 13
5 1 0 0 6 13
5 1 0 0 6 13
5 1 0 0 6 13
5 1 0 0 6 14
5 1 0 0 6 13
5 1 0 0 6 13
5 1 0 0 6 13
5 1 0 0 6 13
5 1 0 0 6 13
5 1 0 0 6 13
5 1 0 0 6 13
5 1 0 0 6 13
5 1 0 0 6 13
5 1 0 0 6 13
5 1 0 0 6 13
5 1 0 0 6 13
5 1 0 0 6 13
5 1 0 0 6 13
5 1 0 0 6 13
5 1 0 0 6 13
5 1 0 0 6 13
5 1 0 0 6 13
5 1 0 0 6 13
5 1 0 0 6 13
5 1 0 0 6 13
5 1 0 0 6 13
5 1 0 0 6 13
5 1 0 0 6 13
5 1 0 0 6 13
5 1 0 0 6 13
5 1 0 0 6 13
5 1 0 0 6 13
5 1 0 0 6 13
5 1 0 0 6 13
5 1 0 0 6 13
5 1 0 0 6 13
5 1 0 0 6 13
5 1 0 0 6 13
5 1 0 0 6 13
5 1 0 0 6 13
5 1 0 0 6 13
5 1 0 0 6 13
5 1 0 0 6 13
5 1 0 0 6 13
5 1 0 0 6 13
5 1 0 0 6 13
5 1 0 0 6 13
5 1 0 0 6 14
5 1 0 0 6 13
5 1 0 0 6 13
5 1 0 0 6 13
5 1 0 0 6 13
5 1 0 0 6 13
5 1 0 0 6 13
5 1 0 0 6 13
5 1 0 0 6 13
5 1 0 0 6 13
5 1 0 0 6 13
5 1 0 0 6 13
5 1 0 0 6 13
5 1 0 0 6 13
5 1 0 0 6 13
5 1 0 0 6 13
5 1 0 0 6 13
5 1 0 0 6 13
5 1 0 0 6 13
5 1 0 0 6 13
5 1 0 0 6 13
5 1 0 0 6 13
5 1 0 0 6 13
5 1 0 0 6 13
5 1 0 0 6 13
5 1 0 0 6 13
5 1 0 0 6 13
5 1 0 0 6 13
5 1 0 0 6 14
5 1 0 0 6 13
5 1 0 0 6 13
5 1 0 0 6 13
5 1 0 0 6 13
5 1 0 0 6 13
5 1 0 0 6 13
5 1 0 0 6 13
5 1 0 0 6 13
5 1 0 0 6 13
5 1 0 0 6 13
5 1 0 0 6 13
5 1 0 0 6 13
5 1 0 0 6 13
5 1 0 0 6 13
5 1 0 0 6 13
5 1 0 0 6 13
5 1 0 0 6 13
5 1 0 0 6 13
5 1 0 0 6 13
5 1 0 0 6 13
5 1 0 0 6 13
5 1 0 0 6 13
5 1 0 0 6 13
5 1 0 0 6 13
5 1 0 0 6 13
5 1 0 0 6 13
5 1 0 0 6 13
5 1 0 0 6 13
5 1 0 0 6 13
5 1 0 0 6 13
5 1 0 0 6 13
5 1 0 0 6 13
5 1 0 0 6 13
5 1 0 0 6 13
5 1 0 0 6 13
5 1 0 0 6 13
5 1 0 0 6 13
5 1 0 0 6 13
5 1 0 0 6 13
5 1 0 0 6 13
5 1 0 0 6 13
5 1 0 0 6 13
5 1 0 0 6 13
5 1 0 0 6 13
5 1 0 0 6 13
5 1 0 0 6 13
5 1 0 0 6 13
5 1 0 0 6 13
5 1 0 0 6 13
5 1 0 0 6 13
5 1 0 0 6 13
5 1 0 0 6 13
5 1 0 0 6 13
5 1 0 0 6 13
5 1 0 0 6 13
5 1 0 0 6 13
5 1 0 0 6 13
5 1 0 0 6 13
5 1 0 0 6 13
5 1 0 0 6 13
5 1 0 0 6 13
5 1 0 0 6 13
5 1 0 0 6 13
5 1 0 0 6 13
5 1 0 0 6 13
5 1 0 0 6 13
5 1 0 0 6 13
5 1 0 0 6 13
5 1 0 0 6 13
5 1 0 0 6 13
5 1 0 0 6 13
5 1 0 0 6 13
5 1 0 0 6 13
5 1 0 0 6 13
5 1 0 0 6 13
12 1 0 0 6 20
5 1 0 0 6 13
5 1 0 0 6 13
5 1 0 0 6 13
5 1 0 0 6 13
5 1 0 0 6 13
5 1 0 0 6 13
5 1 0 0 6 13
5 1 0 0 6 13
5 1 0 0 6 13
5 1 0 0 6 13
5 1 0 0 6 13
5 1 0 0 6 13
5 1 0 0 12 20
5 1 0 0 6 13
5 1 0 0 6 13
5 1 0 0 6 13
5 1 0 0 6 13
5 1 0 0 6 13
5 1 0 0 6 13
5 1 0 0 6 13
5 1 0 0 6 13
5 1 0 0 6 13
5 1 0 0 6 13
5 1 0 0 6 13
5 1 0 0 6 13
5 1 0 0 6 13
5 1 0 0 6 13
5 1 0 0 6 13
5 1 0 0 6 13
5 1 0 0 6 13
5 1 0 0 6 13
5 1 0 0 6 13
5 1 0 0 13 20
5 1 0 0 6 13
5 1 0 0 6 13
5 1 0 0 6 13
5 1 0 0 6 13
5 1 0 0 6 13
5 1 0 0 6 13
5 1 0 0 6 13
5 1 0 0 6 13
5 1 0 0 6 14
5 1 0 0 6 13
5 1 0 0 6 13
5 1 0 0 6 13
5 1 0 0 6 13
5 1 0 0 6 13
5 1 0 0 6 13
5 1 0 0 6 13
5 1 0 0 6 14
5 1 0 0 6 13
5 1 0 0 6 13
5 1 0 0 6 13
5 1 0 0 6 13
5 1 0 0 6 13
5 1 0 0 6 13
5 1 0 0 6 13
5 1 0 0 6 13
5 1 0 0 6 13
5 1 0 0 6 13
5 1 0 0 6 13
5 1 0 0 6 13
5 1 0 0 6 13
5 1 0 0 6 13
5 1 0 0 6 13
5 1 0 0 6 13
5 1 0 0 6 13
5 1 0 0 6 13
5 1 0 0 6 13
5 1 0 0 6 13
5 1 0 0 6 13
5 1 0 0 6 13
5 1 0 0 5 12
5 1 0 0 6 13
5 1 0 0 6 13
5 1 0 0 6 13
5 1 0 0 6 13
5 1 0 0 6 13
5 1 0 0 6 13
5 1 0 0 6 13
5 1 0 0 6 13
5 1 0 0 6 13
5 1 0 0 6 13
5 1 0 0 6 13
5 1 0 0 6 13
5 1 0 0 6 13
5 1 0 0 6 13
5 1 0 0 6 13
5 1 0 0 6 13
5 1 0 0 6 13
5 1 0 0 6 13
5 1 0 0 6 13
5 1 0 0 6 13
5 1 0 0 6 13
5 1 0 0 6 13
5 1 0 0 6 13
5 1 0 0 6 13
5 1 0 0 6 13
5 1 0 0 13 20
5 1 0 0 6 13
5 1 0 0 6 13
5 1 0 0 6 13
5 1 0 0 6 13
5 1 0 0 6 13
5 1 0 0 6 13
5 1 0 0 6 13
5 1 0 0 6 13
5 1 0 0 6 13
5 1 0 0 6 13
5 1 0 0 6 13
5 1 0 0 6 13
5 1 0 0 6 13
5 1 0 0 6 13
5 1 0 0 6 13
5 1 0 0 6 13
5 1 0 0 6 13
5 1 0 0 6 13
5 1 0 0 6 13
5 1 0 0 6 14
5 1 0 0 6 13
5 1 0 0 6 13
5 1 0 0 6 13
5 1 0 0 6 13
5 1 0 0 6 13
5 1 0 0 6 13
5 1 0 0 13 20
5 1 0 0 6 13
5 1 0 0 6 13
5 1 0 0 6 13
5 1 6 0 6 20
5 1 0 0 6 13
5 1 0 0 6 13
5 1 0 0 6 13
5 1 0 0 6 13
5 1 0 0 6 13
5 1 0 0 6 13
5 1 0 0 6 13
5 1 0 0 6 13
5 1 0 0 6 13
5 1 0 0 6 13
5 1 0 0 6 13
5 1 0 0 6 13
5 1 0 0 6 13
5 1 0 0 6 13
5 1 0 0 6 13
5 1 0 0 6 13
5 1 0 0 6 13
5 1 0 0 6 13
5 1 0 0 6 13
5 1 0 0 6 13
5 1 0 0 6 13
5 1 0 0 6 13
5 1 0 0 6 13
5 1 0 0 6 13
5 1 0 0 6 13
5 1 0 0 6 14
5 1 0 0 6 14
5 1 0 0 6 14
5 1 0 0 6 14
5 1 0 0 6 13
5 1 0 0 6 13
5 1 0 0 6 13
5 1 0 0 6 13
5 1 0 0 6 13
5 1 0 0 6 13
5 1 0 0 6 13
5 1 0 0 6 13
5 1 0 0 6 13
5 1 0 0 6 13
5 1 0 0 6 14
5 1 0 0 6 13
5 1 0 0 6 13
5 1 0 0 6 13
5 1 0 0 6 13
5 1 0 0 6 13
5 1 0 0 6 13
5 1 0 0 6 13
5 1 0 0 6 13
5 1 0 0 6 13
5 1 0 0 6 13
5 1 0 0 6 13
5 1 0 0 6 13
5 1 0 0 6 13
5 1 0 0 6 13
5 1 0 0 6 13
5 1 0 0 6 13
12 1 0 0 6 20
5 1 0 0 6 13
5 1 0 0 6 13
5 1 0 0 6 13
5 1 0 0 6 13
5 1 0 0 6 13
5 1 0 0 6 13
5 1 0 0 13 20
5 1 0 0 6 13
5 1 0 0 6 13
5 1 0 0 6 13
5 1 0 0 6 13
5 1 0 0 6 14
5 1 0 0 6 13
5 1 0 0 6 13
5 1 0 0 6 13
5 1 0 0 6 13
5 1 0 0 6 13
5 1 0 0 6 13
5 1 0 0 6 13
5 1 0 0 6 13
5 1 0 0 6 13
5 1 0 0 6 13
5 1 0 0 6 13
5 1 0 0 6 13
5 1 0 0 6 13
1 0 0 0 1 2
1 0 0 0 1 2
1 0 0 0 1 3
1 0 0 0 1 2
1 0 0 0 1 2
1 0 0 0 1 3
1 0 0 0 2 4
2 0 0 0 2 5
2 0 0 0 2 5
2 0 0 0 2 6
2 0 0 0 3 6
2 0 0 0 3 7
3 0 0 0 3 7
3 0 0 0 4 9
3 0 0 0 4 9
3 1 0 0 4 9
4 1 0 0 4 10
4 1 0 0 5 12
4 1 0 0 5 12
5 1 0 0 6 13
5 1 0 0 6 13
5 1 0 0 6 13
5 1 0 0 6 14
5 1 0 0 6 14
5 1 0 0 6 13
5 1 0 0 6 13
5 1 0 0 6 13
5 1 0 0 6 13
5 1 0 0 6 13
5 1 0 0 6 13
5 1 0 0 6 13
5 1 0 0 13 20
5 1 0 0 6 13
5 1 0 0 6 13
5 1 0 0 6 13
5 1 0 0 6 13
5 1 0 0 6 13
5 1 0 0 6 13
5 1 0 0 6 13
5 1 0 0 6 13
5 1 0 0 6 14
5 1 0 0 6 13
5 1 0 0 6 13
5 1 0 0 6 14
5 1 0 0 6 14
5 1 0 0 6 13
5 1 0 0 6 14
5 1 0 0 6 13
5 1 0 0 6 13
5 1 0 0 6 13
5 1 0 0 7 14
5 1 0 0 6 13
5 1 0 0 6 14
5 1 0 0 6 13
5 1 0 0 6 13
5 1 0 0 6 13
5 1 0 0 6 13
5 1 0 0 6 13
5 1 0 0 6 13
5 1 0 0 6 14
5 1 0 0 5 12
5 1 0 0 6 13
5 1 0 0 6 14
5 1 0 0 6 13
5 1 0 0 6 13
5 1 0 0 6 13
5 1 0 0 6 13
5 1 0 0 6 13
5 1 0 0 6 13
5 1 0 0 6 13
5 1 0 0 6 13
5 1 0 0 6 13
5 1 0 0 6 13
5 1 0 0 6 13
5 1 0 0 6 13
5 1 0 0 6 13
5 1 0 0 6 13
5 1 0 0 6 13
5 1 0 0 6 13
5 1 0 0 6 13
5 1 0 0 6 13
5 1 0 0 6 13
5 1 0 0 6 13
5 1 0 0 6 13
5 1 0 0 6 13
5 1 0 0 6 13
11 1 0 0 6 20
5 1 0 0 6 13
5 1 0 0 6 13
5 1 0 0 6 13
5 1 0 0 6 13
5 1 0 0 6 13
5 1 0 0 6 13
5 1 0 0 6 13
5 1 0 0 6 13
5 1 0 0 6 13
5 1 0 0 6 13
5 1 0 0 6 13
5 1 0 0 6 13
5 1 0 0 6 13
5 1 0 0 6 13
5 1 0 0 6 13
5 1 0 0 6 14
5 1 0 0 6 13
5 1 0 0 6 13
5 1 0 0 6 13
5 1 0 0 6 13
5 1 0 0 6 13
5 1 0 0 6 13
5 1 0 0 6 13
5 1 0 0 6 13
5 1 0 0 6 13
5 1 0 0 6 13
5 1 0 0 6 13
5 1 0 0 6 13
5 1 0 0 6 14
5 1 0 0 6 14
5 1 0 0 6 14
6 1 0 0 8 17
5 2 0 0 8 16
5 1 0 0 7 16
5 1 0 0 6 14
5 1 0 0 6 14
5 1 0 0 6 14
5 1 0 0 6 13
5 1 0 0 6 13
5 1 0 0 6 13
5 1 0 0 6 13
5 1 0 0 6 13
5 1 0 0 6 13
5 1 0 0 6 13
5 1 0 0 6 13
5 1 0 0 6 13
5 1 0 0 6 13
5 1 0 0 6 13
5 1 0 0 6 13
5 1 0 0 6 13
5 1 0 0 6 13
5 1 0 0 6 14
5 1 0 0 6 13
5 1 0 0 6 13
5 1 0 0 6 13
5 1 0 0 6 13
5 1 0 0 6 13
5 1 0 0 6 13
5 1 0 0 6 13
5 1 0 0 6 13
5 1 0 0 5 13
5 1 0 0 6 13
5 1 0 0 6 13
5 1 0 0 6 13
5 1 0 0 6 13
5 1 0 0 6 13
5 1 0 0 6 13
5 1 0 0 6 13
5 1 0 0 6 13
5 1 0 0 6 13
5 1 0 0 6 13
5 1 0 0 6 13
5 1 0 0 6 13
5 1 0 0 6 13
5 1 0 0 6 13
5 1 0 0 6 13
5 1 0 0 6 13
5 1 0 0 6 13
5 1 0 0 6 13
5 1 0 0 6 13
5 1 0 0 6 13
5 1 0 0 6 13
5 1 0 0 6 13
5 1 0 0 6 13
5 1 0 0 6 13
5 1 0 0 6 13
5 1 0 0 6 13
5 1 0 0 6 13
5 1 0 0 6 13
5 1 0 0 6 13
5 1 0 0 6 13
12 1 0 0 6 20
5 1 0 0 6 13
5 1 0 0 6 13
5 1 0 0 6 13
5 1 0 0 6 13
5 1 0 0 5 13
5 1 0 0 6 13
5 1 0 0 6 14
5 1 0 0 6 14
5 1 0 0 6 13
5 1 0 0 6 13
5 1 0 0 6 13
5 1 0 0 6 13
5 1 0 0 6 13
5 1 0 0 6 13
5 1 0 0 6 13
5 1 0 0 6 14
5 1 0 0 6 14
5 1 0 0 6 13
5 1 0 0 6 13
5 1 0 0 6 13
5 1 0 0 6 13
5 1 0 0 6 13
5 1 0 0 6 13
5 1 0 0 6 13
5 1 0 0 6 13
5 1 0 0 6 13
5 1 0 0 6 13
5 1 0 0 6 13
5 1 0 0 6 13
5 1 0 0 13 20
5 1 0 0 6 13
5 1 0 0 6 13
5 1 0 0 6 13
5 1 0 0 6 14
5 1 0 0 6 13
5 1 0 0 6 13
5 1 0 0 6 13
5 1 0 0 6 13
5 1 0 0 6 13
5 1 0